0 1.0000000000 0.0000000000 0.0000000000 0.0000000000 0.0000000000 1.0000000000 0.0000000000 0.0000000000 0.0000000000 0.0000000000 1.0000000000 0.0000000000
1 0.9999999998 0.0000112469 -0.0000143543 -0.0000205310 -0.0000112470 0.9999999999 -0.0000057482 0.0005628333 0.0000143543 0.0000057483 0.9999999999 -0.0001014137
2 0.9999999997 0.0000089799 -0.0000239046 0.0000343309 -0.0000089816 0.9999999973 -0.0000722498 0.0000675379 0.0000239039 0.0000722500 0.9999999971 -0.0000698358
3 0.9999999997 -0.0000218402 0.0000148039 -0.0005727092 0.0000218414 0.9999999962 -0.0000847789 -0.0007664936 -0.0000148020 0.0000847792 0.9999999963 0.0001861549
4 0.9999999989 0.0000154251 -0.0000437696 -0.0002359130 -0.0000154248 0.9999999999 0.0000060957 -0.0000568843 0.0000437697 -0.0000060951 0.9999999990 0.0000235501
5 0.9999999991 -0.0000211758 -0.0000377818 -0.0002169856 0.0000211729 0.9999999969 -0.0000757181 0.0002068492 0.0000377834 0.0000757173 0.9999999964 0.0000880902
6 0.9999999999 0.0000049955 -0.0000117336 -0.0003515388 -0.0000049945 0.9999999967 0.0000807330 0.0001564136 0.0000117340 -0.0000807330 0.9999999967 0.0000888257
7 0.9999999891 0.0000641834 -0.0001327166 -0.0004880090 -0.0000641284 0.9999999122 0.0004140599 0.0009146713 0.0001327432 -0.0004140514 0.9999999055 0.0002753828
8 0.9999999924 0.0000862680 -0.0000877856 0.0007215989 -0.0000862439 0.9999999586 0.0002746591 0.0010704225 0.0000878093 -0.0002746515 0.9999999584 0.0004076696
9 0.9999999993 0.0000228467 -0.0000298422 0.0003239190 -0.0000228478 0.9999999991 -0.0000348842 0.0003934508 0.0000298414 0.0000348849 0.9999999989 0.0000297126
10 0.9999999995 0.0000329585 -0.0000025881 -0.0004999266 -0.0000329584 0.9999999985 0.0000439616 0.0002670358 0.0000025895 -0.0000439615 0.9999999990 0.0000429725
11 0.9999999982 0.0000503791 -0.0000329794 -0.0005915576 -0.0000503734 0.9999999836 0.0001739169 0.0008962362 0.0000329881 -0.0001739152 0.9999999843 0.0004424826
12 0.9999999916 0.0000515177 -0.0001185601 -0.0001152797 -0.0000514920 0.9999999752 0.0002168600 0.0007415866 0.0001185713 -0.0002168539 0.9999999695 0.0001850868
13 0.9999999976 0.0000562449 -0.0000408224 0.0000546580 -0.0000562375 0.9999999820 0.0001813630 0.0009300488 0.0000408326 -0.0001813607 0.9999999827 0.0002014856
14 0.9999999989 0.0000295849 -0.0000354424 0.0001335410 -0.0000295810 0.9999999935 0.0001101677 0.0008284120 0.0000354457 -0.0001101666 0.9999999933 0.0000669224
15 0.9999999980 0.0000390648 -0.0000503176 -0.0001694718 -0.0000390624 0.9999999981 0.0000476713 0.0008716966 0.0000503195 -0.0000476693 0.9999999976 -0.0000776613
16 0.9999999981 0.0000528253 -0.0000301771 0.0002154093 -0.0000528241 0.9999999978 0.0000392517 0.0010314216 0.0000301791 -0.0000392501 0.9999999988 -0.0002364244
17 0.9999999957 0.0000309978 -0.0000868567 0.0001924463 -0.0000309925 0.9999999976 0.0000618405 0.0003675148 0.0000868586 -0.0000618378 0.9999999943 -0.0002053786
18 0.9999999989 0.0000450323 -0.0000088522 0.0002577610 -0.0000450314 0.9999999941 0.0000984432 0.0005709213 0.0000088567 -0.0000984428 0.9999999951 0.0000852882
19 0.9999999957 0.0000680658 -0.0000637270 0.0007599630 -0.0000680624 0.9999999963 0.0000533400 0.0012621711 0.0000637307 -0.0000533357 0.9999999965 0.0001290382
20 0.9999999950 0.0000266013 -0.0000960790 0.0006858546 -0.0000265901 0.9999999929 0.0001163804 0.0005978045 0.0000960821 -0.0001163778 0.9999999886 0.0000754986
21 0.9999999954 0.0000582358 -0.0000759104 0.0004645365 -0.0000582241 0.9999999865 0.0001537743 0.0008634280 0.0000759194 -0.0001537699 0.9999999853 0.0002136259
22 0.9999999951 0.0000683852 -0.0000714188 0.0001720836 -0.0000683775 0.9999999918 0.0001079186 0.0012607770 0.0000714262 -0.0001079137 0.9999999916 0.0001263656
23 0.9999999993 0.0000154456 -0.0000346024 0.0009598201 -0.0000154441 0.9999999989 0.0000441302 -0.0001011262 0.0000346030 -0.0000441297 0.9999999984 0.0002484036
24 0.9999999988 0.0000346512 -0.0000337030 0.0004867732 -0.0000346477 0.9999999939 0.0001045201 0.0003522903 0.0000337066 -0.0001045189 0.9999999940 0.0001966343
25 0.9999999979 0.0000464612 -0.0000443906 -0.0003486667 -0.0000464544 0.9999999871 0.0001536740 0.0008293574 0.0000443978 -0.0001536720 0.9999999872 0.0004501748
26 0.9999999970 0.0000320534 -0.0000707905 -0.0002634067 -0.0000320447 0.9999999919 0.0001233787 0.0003241714 0.0000707944 -0.0001233764 0.9999999899 0.0000622337
27 0.9999999964 0.0000443472 -0.0000722169 0.0013046438 -0.0000443375 0.9999999900 0.0001343051 0.0009295228 0.0000722229 -0.0001343019 0.9999999884 0.0002935604
28 0.9999999999 0.0000137296 0.0000035600 0.0006919705 -0.0000137300 0.9999999920 0.0001257753 0.0002296561 -0.0000035583 -0.0001257754 0.9999999921 0.0008368979
29 0.9999999993 0.0000329401 -0.0000152460 0.0002844460 -0.0000329381 0.9999999913 0.0001278305 0.0003024506 0.0000152503 -0.0001278300 0.9999999917 0.0003879471
30 0.9999999936 0.0000520445 -0.0001006320 0.0003169980 -0.0000520336 0.9999999928 0.0001079510 0.0006739118 0.0001006376 -0.0001079458 0.9999999891 0.0000738911
31 0.9999999972 0.0000527990 -0.0000530294 0.0007714307 -0.0000527937 0.9999999935 0.0001007154 0.0006904966 0.0000530347 -0.0001007126 0.9999999935 -0.0000154583
32 0.9999999973 0.0000533163 -0.0000501235 0.0000683954 -0.0000533115 0.9999999940 0.0000955294 0.0006673316 0.0000501285 -0.0000955267 0.9999999942 0.0002788243
33 0.9999999965 0.0000633682 -0.0000551517 0.0012221174 -0.0000633593 0.9999999852 0.0001600796 0.0012858588 0.0000551618 -0.0001600761 0.9999999857 0.0004740619
34 0.9999999996 0.0000192934 -0.0000192679 0.0005809232 -0.0000192917 0.9999999958 0.0000895275 0.0005753557 0.0000192697 -0.0000895272 0.9999999958 0.0003589960
35 0.9999999968 0.0000450259 -0.0000660066 0.0004191983 -0.0000450181 0.9999999920 0.0001182192 0.0011547489 0.0000660119 -0.0001182162 0.9999999908 0.0000816323
36 0.9999999968 0.0000626608 -0.0000491568 0.0007002540 -0.0000626546 0.9999999900 0.0001265106 0.0010019429 0.0000491648 -0.0001265076 0.9999999908 0.0002599983
37 0.9999999980 0.0000413692 -0.0000469606 0.0006697765 -0.0000413644 0.9999999940 0.0001016965 0.0008482018 0.0000469648 -0.0001016945 0.9999999937 0.0005233863
38 0.9999999996 0.0000294969 -0.0000028128 0.0004777172 -0.0000294969 0.9999999995 -0.0000078520 0.0003826826 0.0000028126 0.0000078521 1.0000000000 0.0003393373
39 0.9999999944 0.0000773935 0.0000722864 0.0005761465 -0.0000773980 0.9999999951 0.0000624445 0.0008880908 -0.0000722816 -0.0000624501 0.9999999954 0.0003201094
40 0.9999999963 0.0000238590 0.0000827016 0.0010312082 -0.0000238805 0.9999999658 0.0002603561 -0.0000514573 -0.0000826954 -0.0002603580 0.9999999627 0.0001807419
41 0.9999999823 0.0000338749 0.0001852984 0.0014798090 -0.0000339005 0.9999999899 0.0001380682 0.0005295638 -0.0001852937 -0.0001380744 0.9999999733 0.0000564960
42 0.9999999618 0.0000699229 0.0002674455 0.0009190899 -0.0000699103 0.9999999964 -0.0000470893 0.0008743753 -0.0002674488 0.0000470706 0.9999999631 -0.0000768170
43 0.9999999573 0.0000422188 0.0002892993 0.0008493336 -0.0000422338 0.9999999978 0.0000518422 0.0004061712 -0.0002892971 -0.0000518545 0.9999999568 0.0000454224
44 0.9999999639 0.0000429042 0.0002653344 0.0007235162 -0.0000429558 0.9999999802 0.0001944317 0.0008663555 -0.0002653261 -0.0001944431 0.9999999459 -0.0000880979
45 0.9999999677 0.0000385972 0.0002512141 0.0011834122 -0.0000386175 0.9999999960 0.0000811356 0.0006900987 -0.0002512110 -0.0000811453 0.9999999652 0.0002109914
46 0.9999999760 0.0000343320 0.0002163084 0.0009917935 -0.0000343329 0.9999999994 0.0000042656 0.0007291202 -0.0002163082 -0.0000042730 0.9999999766 0.0000157998
47 0.9999999670 0.0000627396 0.0002492403 0.0003970014 -0.0000627557 0.9999999959 0.0000648446 0.0011151442 -0.0002492363 -0.0000648603 0.9999999668 -0.0001949028
48 0.9999999767 0.0000463916 0.0002110087 0.0012717530 -0.0000464283 0.9999999838 0.0001738481 0.0009733786 -0.0002110006 -0.0001738579 0.9999999626 -0.0001386534
49 0.9999999494 0.0000556697 0.0003130794 0.0002565631 -0.0000556931 0.9999999957 0.0000748033 0.0005205654 -0.0003130752 -0.0000748207 0.9999999482 0.0002650361
50 0.9999999624 0.0000237235 0.0002733420 0.0004735665 -0.0000237471 0.9999999960 0.0000865435 -0.0000556868 -0.0002733399 -0.0000865500 0.9999999589 0.0000617462
51 0.9999999785 0.0000241879 0.0002061016 0.0010665725 -0.0000242099 0.9999999940 0.0001066746 0.0003934786 -0.0002060990 -0.0001066795 0.9999999731 0.0001837498
52 0.9999999467 0.0000441263 0.0003234542 0.0002166244 -0.0000441698 0.9999999900 0.0001344341 0.0007078306 -0.0003234483 -0.0001344484 0.9999999387 -0.0000145264
53 0.9999999774 0.0000419626 0.0002084748 0.0003283865 -0.0000419738 0.9999999977 0.0000539154 0.0006327646 -0.0002084725 -0.0000539241 0.9999999768 0.0001979006
54 0.9999999483 0.0000611321 0.0003156143 0.0005659225 -0.0000611559 0.9999999953 0.0000753240 0.0006090877 -0.0003156097 -0.0000753433 0.9999999474 0.0000652947
55 0.9999999667 0.0000174281 0.0002574736 0.0009255114 -0.0000174634 0.9999999904 0.0001371663 0.0003622652 -0.0002574712 -0.0001371708 0.9999999574 0.0000965897
56 0.9999999697 0.0000215253 0.0002452878 0.0005591855 -0.0000215414 0.9999999976 0.0000659047 0.0002542345 -0.0002452864 -0.0000659100 0.9999999677 0.0001426116
57 0.9999999547 0.0000218913 0.0003001125 0.0011569854 -0.0000219179 0.9999999958 0.0000886288 0.0007197393 -0.0003001105 -0.0000886354 0.9999999510 -0.0000835360
58 0.9999999745 0.0000305351 0.0002235683 0.0016397889 -0.0000305665 0.9999999897 0.0001402823 0.0000535415 -0.0002235640 -0.0001402892 0.9999999652 0.0000043129
59 0.9999999599 0.0000237691 0.0002822925 0.0007253252 -0.0000237980 0.9999999945 0.0001023415 0.0000620286 -0.0002822901 -0.0001023482 0.9999999549 0.0003647539
60 0.9999999694 0.0000093251 0.0002471221 0.0007277507 -0.0000093545 0.9999999929 0.0001186134 -0.0000833804 -0.0002471210 -0.0001186157 0.9999999624 -0.0003315419
61 0.9999999762 0.0000392847 0.0002145003 0.0002022019 -0.0000393036 0.9999999954 0.0000880403 0.0007257623 -0.0002144968 -0.0000880487 0.9999999731 -0.0000246733
62 0.9999999644 0.0000310678 0.0002650489 0.0012019103 -0.0000311145 0.9999999840 0.0001760741 0.0003282947 -0.0002650434 -0.0001760824 0.9999999494 -0.0004878183
63 0.9999999714 0.0000202235 0.0002382404 0.0011394636 -0.0000202533 0.9999999920 0.0001248355 -0.0002002361 -0.0002382379 -0.0001248404 0.9999999638 0.0000119320
64 0.9999999738 0.0000265209 0.0002274863 0.0011042479 -0.0000265436 0.9999999947 0.0000997839 -0.0000055501 -0.0002274836 -0.0000997899 0.9999999691 0.0001744056
65 0.9999999682 0.0000238827 0.0002509639 -0.0002407076 -0.0000239042 0.9999999960 0.0000857075 0.0005192506 -0.0002509619 -0.0000857135 0.9999999648 -0.0002097384
66 0.9999999772 0.0000170206 0.0002128811 -0.0000376260 -0.0000170526 0.9999999886 0.0001499638 0.0002104647 -0.0002128785 -0.0001499675 0.9999999661 0.0000919043
67 0.9999999681 0.0000394231 0.0002493468 0.0005121291 -0.0000394520 0.9999999925 0.0001157756 0.0007142526 -0.0002493423 -0.0001157855 0.9999999622 0.0000063351
68 0.9999999623 0.0000141665 0.0002743582 0.0006509854 -0.0000141890 0.9999999966 0.0000818260 -0.0000128840 -0.0002743571 -0.0000818299 0.9999999590 0.0002142585
69 0.9999999715 0.0000245152 0.0002373414 0.0008774734 -0.0000245348 0.9999999963 0.0000829040 0.0002499992 -0.0002373394 -0.0000829098 0.9999999684 0.0002876981
70 0.9999998453 -0.0000195355 0.0005559169 0.0019533322 0.0000195325 0.9999999998 0.0000054068 -0.0014224075 -0.0005559170 -0.0000053959 0.9999998455 0.0001672118
71 0.9999995918 0.0002197019 0.0008764504 0.0054465142 -0.0002197135 0.9999999758 0.0000131390 0.0003026096 -0.0008764475 -0.0000133315 0.9999996158 0.0014235186
72 0.9999990662 0.0002767470 0.0013383233 0.0138606786 -0.0002763819 0.9999999246 -0.0002729563 0.0002130051 -0.0013383988 0.0002725861 0.9999990672 0.0018405716
73 0.9999990844 0.0006086123 0.0012086006 0.0273410831 -0.0006083445 0.9999997903 -0.0002219243 0.0016501580 -0.0012087354 0.0002211889 0.9999992450 0.0019952725
74 0.9999987414 0.0009695892 0.0012557891 0.0430974797 -0.0009694127 0.9999995202 -0.0001411215 0.0005781561 -0.0012559253 0.0001399039 0.9999992015 0.0021453030
75 0.9999980311 0.0015087540 0.0012890120 0.0607548145 -0.0015085541 0.9999988500 -0.0001560691 0.0039027467 -0.0012892460 0.0001541242 0.9999991570 0.0023551599
76 0.9999967236 0.0021747299 0.0013502941 0.0819763665 -0.0021743645 0.9999975991 -0.0002720032 0.0042803263 -0.0013508824 0.0002690663 0.9999990514 0.0025676757
77 0.9999940253 0.0030690807 0.0015906024 0.1082925486 -0.0030686721 0.9999952580 -0.0002592353 0.0029435554 -0.0015913905 0.0002543527 0.9999987014 0.0017995366
78 0.9999901699 0.0040982610 0.0016924706 0.1353987054 -0.0040978704 0.9999915763 -0.0002341925 0.0045456284 -0.0016934161 0.0002272547 0.9999985403 0.0021286765
79 0.9999802236 0.0056168186 0.0028290854 0.1717633111 -0.0056161070 0.9999841959 -0.0002594024 0.0043133168 -0.0028304977 0.0002435088 0.9999959645 0.0038089074
80 0.9999613117 0.0075789354 0.0044648402 0.2169606192 -0.0075784210 0.9999712746 -0.0001321119 0.0057932930 -0.0044657132 0.0000982704 0.9999900238 0.0065261150
81 0.9999287614 0.0099918315 0.0065295748 0.2815087841 -0.0099907045 0.9999500706 -0.0002052028 0.0036427630 -0.0065312992 0.0001399531 0.9999786610 0.0085685186
82 0.9998818373 0.0129726979 0.0082474620 0.3631614026 -0.0129765077 0.9999157181 0.0004085849 0.0007774227 -0.0082414665 -0.0005155598 0.9999659056 0.0113005146
83 0.9998196943 0.0167525168 0.0089404739 0.4623761485 -0.0167734818 0.9998567268 0.0022751403 -0.0006274099 -0.0089010787 -0.0024246929 0.9999574449 0.0096577301
84 0.9997423279 0.0206714485 0.0093791776 0.5803834188 -0.0207169854 0.9997739334 0.0047841992 -0.0014855818 -0.0092781610 -0.0049772747 0.9999445697 0.0102659110
85 0.9996569516 0.0247699617 0.0085104669 0.7156178065 -0.0248303043 0.9996667547 0.0070594323 -0.0057622914 -0.0083327690 -0.0072683281 0.9999388663 0.0061674565
86 0.9995450795 0.0292580861 0.0073210913 0.8759651588 -0.0293178254 0.9995365862 0.0081901185 -0.0149979633 -0.0070780715 -0.0084010311 0.9999396600 0.0077124783
87 0.9994180233 0.0335857718 0.0059674575 1.0491751577 -0.0336451598 0.9993823293 0.0101470761 -0.0104104899 -0.0056229742 -0.0103419468 0.9999307107 0.0082082274
88 0.9993567716 0.0355117330 0.0049959844 1.2500872497 -0.0355704353 0.9992927322 0.0121975230 -0.0314428552 -0.0045592957 -0.0123673865 0.9999131265 0.0096001244
89 0.9993381357 0.0361584009 0.0039825337 1.4603623513 -0.0362110931 0.9992451650 0.0140661645 -0.0419507988 -0.0034709176 -0.0142010665 0.9998931355 0.0087034607
90 0.9993885202 0.0348919502 0.0022665992 1.6944673989 -0.0349231146 0.9992683926 0.0155902402 -0.0487935151 -0.0017209671 -0.0156598638 0.9998758958 0.0056171934
91 0.9995225837 0.0308893682 -0.0006720338 1.9460182234 -0.0308731756 0.9993742107 0.0172636609 -0.0792077567 0.0012048768 -0.0172346712 0.9998507461 -0.0027003929
92 0.9996667756 0.0256684193 -0.0027331161 2.2241830646 -0.0256158027 0.9995133094 0.0178037920 -0.0896831138 0.0031887811 -0.0177278484 0.9998377644 0.0005853002
93 0.9998423860 0.0173316560 -0.0038492559 2.5177140136 -0.0172525240 0.9996567075 0.0197184593 -0.1128439240 0.0041896881 -0.0196489420 0.9997981624 0.0032796082
94 0.9999626570 0.0070562686 -0.0049893574 2.8059230600 -0.0069448735 0.9997338038 0.0220020509 -0.1135202979 0.0051432816 -0.0219665789 0.9997454756 -0.0006725145
95 0.9999765244 -0.0047226580 -0.0049645820 3.1295611588 0.0048455119 0.9996748969 0.0250324114 -0.1122416216 0.0048447484 -0.0250558797 0.9996743126 0.0042382059
96 0.9998264460 -0.0181582051 -0.0041662280 3.4513343972 0.0182625641 0.9994806065 0.0265517614 -0.0987572757 0.0036819317 -0.0266232392 0.9996387580 -0.0028235472
97 0.9993983572 -0.0346479817 -0.0015623645 3.8070519048 0.0346784701 0.9989910896 0.0285343054 -0.1010173489 0.0005721322 -0.0285713184 0.9995915928 0.0019671959
98 0.9985732889 -0.0533847851 0.0012047873 4.1738298120 0.0533267938 0.9981486504 0.0292493550 -0.0827008159 -0.0027640274 -0.0291433772 0.9995714200 0.0086908931
99 0.9970832673 -0.0761747819 0.0047287060 4.5641887692 0.0760043954 0.9966752806 0.0293550148 -0.0651219930 -0.0069490963 -0.0289099916 0.9995578635 0.0175008348
100 0.9945413928 -0.1039251159 0.0093267470 4.9654839341 0.1035762887 0.9940982477 0.0322587404 -0.0422043775 -0.0126241962 -0.0311166227 0.9994360337 0.0162093089
101 0.9905462238 -0.1364039639 0.0145649304 5.3906423129 0.1358295020 0.9901133034 0.0350141797 0.0038142256 -0.0191970043 -0.0327048163 0.9992806763 0.0246425168
102 0.9846957503 -0.1732872078 0.0185963177 5.8338343838 0.1725257387 0.9843174946 0.0367959147 0.0562298877 -0.0246809422 -0.0330244374 0.9991497574 0.0236801788
103 0.9769609705 -0.2123619512 0.0212052786 6.2976153086 0.2115451399 0.9767299056 0.0353177762 0.1383807124 -0.0282119816 -0.0300182153 0.9991511351 0.0179239823
104 0.9671515101 -0.2531808192 0.0227470744 6.7696357662 0.2523782708 0.9670616081 0.0331218159 0.2347022680 -0.0303836308 -0.0262929470 0.9991924319 0.0059820315
105 0.9551960341 -0.2950028975 0.0239546843 7.2435175194 0.2941789118 0.9551885862 0.0327648086 0.3650455341 -0.0325469544 -0.0242498522 0.9991759807 -0.0013470583
106 0.9404675937 -0.3392291530 0.0210781159 7.7259502107 0.3384345406 0.9403761327 0.0339822115 0.5139694912 -0.0313491139 -0.0248256062 0.9992001413 -0.0121146639
107 0.9227031357 -0.3852060651 0.0153365806 8.2229299580 0.3845226999 0.9224556565 0.0348977815 0.6896334992 -0.0275901526 -0.0263030290 0.9992732030 -0.0205173787
108 0.9018866398 -0.4318828052 0.0088165511 8.7242221700 0.4313872704 0.9015388768 0.0336552617 0.8828019804 -0.0224835924 -0.0265498829 0.9993946126 -0.0366139552
109 0.8787547679 -0.4772564910 0.0040372817 9.2120642053 0.4769214688 0.8783999347 0.0309752716 1.1212354085 -0.0183294974 -0.0252942013 0.9995119974 -0.0489796955
110 0.8520319576 -0.5234876447 -0.0014930313 9.7001087811 0.5232839196 0.8516134696 0.0304702787 1.3779375658 -0.0146793288 -0.0267429305 0.9995345582 -0.0728197718
111 0.8224411525 -0.5688307463 -0.0047045468 10.1775182445 0.5686567249 0.8219176278 0.0328776869 1.6728936004 -0.0148350892 -0.0297152349 0.9994483103 -0.0780417434
112 0.7896534674 -0.6135134162 -0.0069777822 10.6560851166 0.6133305996 0.7890098114 0.0359039435 1.9943328842 -0.0165220125 -0.0326313608 0.9993308848 -0.0870383423
113 0.7545849770 -0.6561543212 -0.0079384694 11.1095488936 0.6558928189 0.7538023291 0.0398328857 2.3534827680 -0.0201524833 -0.0352640822 0.9991748205 -0.0914773173
114 0.7162182262 -0.6978406826 -0.0070593302 11.5590969974 0.6974490610 0.7153891119 0.0422282608 2.7409463273 -0.0244184304 -0.0351681732 0.9990830495 -0.0953767719
115 0.6756907851 -0.7371616638 -0.0058859406 11.9971379263 0.7366898257 0.6749225990 0.0420426710 3.1696862319 -0.0270196910 -0.0327439578 0.9990984784 -0.1067167327
116 0.6320010012 -0.7749375251 -0.0068239736 12.4264871356 0.7744387838 0.6312200487 0.0424949444 3.6178905546 -0.0286234981 -0.0321415972 0.9990733772 -0.1165977414
117 0.5874720940 -0.8091706304 -0.0109283900 12.8059880302 0.8087632713 0.5866036440 0.0424044315 4.0972570046 -0.0279017871 -0.0337499006 0.9990407572 -0.1357201391
118 0.5410543521 -0.8408393852 -0.0157897548 13.1650294174 0.8404996824 0.5400056322 0.0442063468 4.6022486093 -0.0286438809 -0.0371893201 0.9988976337 -0.1475427268
119 0.4928311725 -0.8698356181 -0.0224373109 13.5133056866 0.8697047103 0.4916280220 0.0437676240 5.1364655352 -0.0270398275 -0.0410838844 0.9987897487 -0.1644892634
120 0.4434460493 -0.8958098195 -0.0296710082 13.8260704809 0.8958748378 0.4419714538 0.0454918577 5.7011818200 -0.0276383142 -0.0467546942 0.9985239717 -0.1779803744
121 0.3905345617 -0.9198082612 -0.0378882390 14.1574480060 0.9201551432 0.3887577422 0.0467111368 6.3067092435 -0.0282359432 -0.0531053713 0.9981896368 -0.1949652239
122 0.3399092376 -0.9394530101 -0.0434712780 14.4156848308 0.9400488347 0.3380343349 0.0451771703 6.9270230982 -0.0277470441 -0.0562212617 0.9980327005 -0.2170403152
123 0.2889694048 -0.9560675411 -0.0493106468 14.6560313001 0.9568804798 0.2868549760 0.0457599189 7.5742581749 -0.0296045687 -0.0604076118 0.9977346791 -0.2342054729
124 0.2398753893 -0.9690611067 -0.0581409420 14.8703782970 0.9702471131 0.2372798622 0.0481539884 8.2537424653 -0.0328684826 -0.0679620378 0.9971463405 -0.2435028449
125 0.1917299189 -0.9793141089 -0.0646800920 15.0620371607 0.9808067972 0.1888068469 0.0486826577 8.9710905299 -0.0354635693 -0.0727725959 0.9967178560 -0.2549832656
126 0.1467845534 -0.9869179785 -0.0666873191 15.2078864164 0.9885294666 0.1439330620 0.0457467745 9.6955058996 -0.0355498041 -0.0726372998 0.9967246531 -0.2743561930
127 0.1043877147 -0.9923167176 -0.0664133792 15.3143536498 0.9939479661 0.1017957035 0.0412925601 10.4418810236 -0.0342147010 -0.0703218791 0.9969374040 -0.2990936919
128 0.0651901030 -0.9956553275 -0.0664884903 15.3947418470 0.9973144343 0.0627800300 0.0377171975 11.2133592849 -0.0333791792 -0.0687687191 0.9970740663 -0.3220400375
129 0.0284363406 -0.9972456818 -0.0685012748 15.4682570322 0.9990640789 0.0261198971 0.0344777796 12.0302038295 -0.0325935705 -0.0694175849 0.9970550928 -0.3503698410
130 -0.0043437374 -0.9977015954 -0.0676214345 15.4892199542 0.9994713940 -0.0065102813 0.0318519839 12.8372192456 -0.0322190097 -0.0674473327 0.9972024833 -0.3740795912
131 -0.0349696351 -0.9971194976 -0.0673040279 15.5043683364 0.9988782980 -0.0370238173 0.0295191930 13.6738508945 -0.0319260149 -0.0661962574 0.9972957360 -0.3994916271
132 -0.0605616701 -0.9961921878 -0.0627168966 15.4604297834 0.9976145691 -0.0624940344 0.0293200814 14.5330436114 -0.0331278679 -0.0607916166 0.9976005833 -0.4210910831
133 -0.0839585354 -0.9948208348 -0.0572928525 15.4143078034 0.9959045215 -0.0857075739 0.0287818669 15.4117497193 -0.0335432322 -0.0546417274 0.9979424498 -0.4425929280
134 -0.1041627026 -0.9931818804 -0.0523439004 15.3437648528 0.9939518080 -0.1057954107 0.0294471451 16.2908990019 -0.0347841153 -0.0489600202 0.9981948616 -0.4643923825
135 -0.1207517396 -0.9915973811 -0.0464074489 15.2498232987 0.9920676084 -0.1221904900 0.0295185464 17.1918853324 -0.0349410622 -0.0424749109 0.9984863565 -0.4879179530
136 -0.1334223486 -0.9902211109 -0.0407508094 15.1278144948 0.9904600146 -0.1346585942 0.0292578599 18.0999329785 -0.0344591971 -0.0364583948 0.9987408819 -0.5182823119
137 -0.1421847613 -0.9891926765 -0.0357958432 14.9952448168 0.9892515516 -0.1432541890 0.0293190202 19.0624477218 -0.0341300645 -0.0312423755 0.9989289528 -0.5466030827
138 -0.1497858359 -0.9882712719 -0.0297337600 14.8607600169 0.9881017342 -0.1506867271 0.0307972902 20.0111215904 -0.0349165601 -0.0247669819 0.9990832950 -0.5707734843
139 -0.1545875397 -0.9876760159 -0.0244699864 14.7146779348 0.9873593895 -0.1553202880 0.0315760058 20.9647860589 -0.0349875489 -0.0192794137 0.9992017692 -0.6039887700
140 -0.1566365215 -0.9874103058 -0.0220428703 14.5701905218 0.9870581285 -0.1572793139 0.0312964589 21.9530164643 -0.0343693335 -0.0168554258 0.9992670532 -0.6339548581
141 -0.1561342179 -0.9875917025 -0.0168740980 14.4001055023 0.9872058402 -0.1565872384 0.0300843109 22.9339853029 -0.0323532841 -0.0119610177 0.9994049225 -0.6771290303
142 -0.1559836606 -0.9876785243 -0.0126582134 14.2481258013 0.9872929221 -0.1562910545 0.0287365994 23.9131750157 -0.0303608875 -0.0080149244 0.9995068672 -0.7134062640
143 -0.1543435038 -0.9879733044 -0.0093183997 14.0978698260 0.9875558287 -0.1545527699 0.0291020030 24.9108391477 -0.0301921865 -0.0047107348 0.9995330114 -0.7384983062
144 -0.1520663438 -0.9883522495 -0.0059714371 13.9471191345 0.9879051064 -0.1521773411 0.0297583205 25.9338507376 -0.0303204203 -0.0013739741 0.9995392860 -0.7665312228
145 -0.1479319713 -0.9889951752 -0.0021622307 13.7741099785 0.9885285069 -0.1479287857 0.0304707300 26.9559728163 -0.0304552610 0.0023701685 0.9995333208 -0.7900808500
146 -0.1450982006 -0.9894163771 0.0013209674 13.6397138861 0.9889137869 -0.1449816507 0.0320911665 27.9706164322 -0.0315600096 0.0059626934 0.9994840729 -0.8224725749
147 -0.1404709607 -0.9900718463 0.0050644205 13.4809528883 0.9895662552 -0.1402300258 0.0330781859 28.9840433971 -0.0320395967 0.0096581042 0.9994399358 -0.8558000871
148 -0.1370389327 -0.9905276379 0.0086792601 13.3371494019 0.9900718332 -0.1366887216 0.0327713062 29.9867714032 -0.0312745275 0.0130840359 0.9994251908 -0.8902015339
149 -0.1336093855 -0.9909511797 0.0128176311 13.2022624424 0.9905792655 -0.1331451088 0.0320171638 30.9969361841 -0.0300208413 0.0169746732 0.9994051278 -0.9285557399
150 -0.1284216544 -0.9916115680 0.0146416157 13.0618107852 0.9912667246 -0.1279028546 0.0321113744 32.0274981436 -0.0299693058 0.0186375423 0.9993770473 -0.9647107426
151 -0.1249777299 -0.9920008008 0.0177476267 12.9320347078 0.9916992829 -0.1243549662 0.0326860013 33.0366599862 -0.0302175339 0.0216853309 0.9993080842 -0.9976592974
152 -0.1206224841 -0.9924602639 0.0217449077 12.7970018349 0.9922612314 -0.1198903748 0.0323101624 34.0508180157 -0.0294595471 0.0254739610 0.9992413184 -1.0314166841
153 -0.1169044312 -0.9928259948 0.0250977704 12.6688739410 0.9927501367 -0.1161099547 0.0310748196 35.0674536188 -0.0279377877 0.0285485992 0.9992019103 -1.0680502175
154 -0.1128569882 -0.9931758701 0.0294107332 12.5563817547 0.9932358677 -0.1119513643 0.0308123861 36.0822942990 -0.0273095466 0.0326891883 0.9990923909 -1.0930755226
155 -0.1083320865 -0.9935826375 0.0325223227 12.4290682315 0.9936963835 -0.1072795002 0.0325362287 37.0867760262 -0.0288384533 0.0358420321 0.9989412857 -1.1210079952
156 -0.1046656378 -0.9938748610 0.0354663912 12.3198188325 0.9941310685 -0.1035783936 0.0312239478 38.1039059247 -0.0273591449 0.0385263158 0.9988829762 -1.1520745349
157 -0.1013555037 -0.9943065285 0.0328875238 12.2284408725 0.9945052467 -0.1003944189 0.0296694273 39.1362578511 -0.0261987814 0.0357139748 0.9990185863 -1.1840927600
158 -0.0980271578 -0.9946925387 0.0312638725 12.1227625384 0.9949539812 -0.0972811375 0.0245551551 40.1306033087 -0.0213834445 0.0335131866 0.9992094949 -1.2175358719
159 -0.0954563187 -0.9949860850 0.0298459711 12.0300204652 0.9951993724 -0.0947405297 0.0245446775 41.1377308303 -0.0215939894 0.0320456363 0.9992531095 -1.2452029791
160 -0.0925505894 -0.9953146209 0.0279856008 11.9367533415 0.9955385375 -0.0919797827 0.0210413834 42.1360233243 -0.0183686870 0.0298081366 0.9993868452 -1.2702810188
161 -0.0893330336 -0.9956522872 0.0263843173 11.8422710721 0.9958432756 -0.0888148436 0.0202013384 43.1362075327 -0.0177701897 0.0280792918 0.9994477344 -1.2902737136
162 -0.0859951290 -0.9960115161 0.0237886045 11.7529211224 0.9961612887 -0.0855670362 0.0184653513 44.1367490207 -0.0163561821 0.0252852172 0.9995464637 -1.3127345293
163 -0.0831183493 -0.9963378362 0.0200563246 11.6732441740 0.9963988479 -0.0827514207 0.0184807519 45.1512505433 -0.0167533829 0.0215201884 0.9996280336 -1.3354437901
164 -0.0805296080 -0.9966046440 0.0171512599 11.5954928012 0.9966506557 -0.0802638500 0.0156583799 46.1476874771 -0.0142285879 0.0183547776 0.9997302883 -1.3588464031
165 -0.0784443862 -0.9968167094 0.0142452162 11.5189772619 0.9968533723 -0.0782679330 0.0125492937 47.1535221758 -0.0113944020 0.0151848135 0.9998197783 -1.3789905436
166 -0.0783538822 -0.9968446643 0.0127037197 11.4591620479 0.9968947834 -0.0782448899 0.0088616031 48.1830552197 -0.0078396406 0.0133586129 0.9998800366 -1.4040906482
167 -0.0775237391 -0.9969251410 0.0114163513 11.3813739961 0.9969711684 -0.0774458330 0.0071156410 49.1893026366 -0.0062096125 0.0119334042 0.9999095132 -1.4137924919
168 -0.0763460900 -0.9970071963 0.0121624471 11.2946110089 0.9970661589 -0.0762718486 0.0064559947 50.1974705919 -0.0055090208 0.0126196544 0.9999051930 -1.4255193852
169 -0.0764504374 -0.9969866679 0.0131497056 11.2253750162 0.9970565369 -0.0763658341 0.0068206689 51.2240308309 -0.0057959276 0.0136324431 0.9998902758 -1.4350564150
170 -0.0758497930 -0.9970241681 0.0137701540 11.1443555914 0.9970943597 -0.0757430796 0.0081131835 52.2397118068 -0.0070460461 0.0143455262 0.9998722714 -1.4417625052
171 -0.0754024296 -0.9970662318 0.0131682572 11.0664066846 0.9971146665 -0.0752768695 0.0097844175 53.2447679856 -0.0087644470 0.0138680313 0.9998654220 -1.4469761927
172 -0.0750685460 -0.9970809467 0.0139391243 10.9925715364 0.9971376021 -0.0749317333 0.0100914730 54.2555658678 -0.0090175327 0.0146567772 0.9998519205 -1.4570036972
173 -0.0743756222 -0.9971622360 0.0116508355 10.9409564611 0.9971914734 -0.0742645581 0.0096923056 55.3271998743 -0.0087995569 0.0123389851 0.9998851520 -1.4731911053
174 -0.0736675999 -0.9972066357 0.0123292504 10.8605986008 0.9972485745 -0.0735569397 0.0092009332 56.3443300880 -0.0082683296 0.0129731381 0.9998816592 -1.4831786109
175 -0.0731086539 -0.9972494721 0.0121907788 10.7880272903 0.9973027075 -0.0730217931 0.0074247757 57.3644189947 -0.0065141611 0.0127007121 0.9998981236 -1.4985045436
176 -0.0728833306 -0.9972606757 0.0126160514 10.7254106580 0.9973317633 -0.0728239952 0.0051009499 58.3901906515 -0.0041682254 0.0129541631 0.9999074035 -1.5204312957
177 -0.0723288932 -0.9973165772 0.0113214916 10.6489167542 0.9973720557 -0.0722759676 0.0050166726 59.4263013983 -0.0041849389 0.0116545898 0.9999233255 -1.5124238803
178 -0.0721873061 -0.9973277616 0.0112396115 10.5724147725 0.9973823678 -0.0721349541 0.0049960712 60.4575204586 -0.0041719516 0.0115708434 0.9999243523 -1.5237720245
179 -0.0718234733 -0.9973643274 0.0102852853 10.4922520620 0.9974059486 -0.0717695073 0.0055237201 61.4829841286 -0.0047709914 0.0106553376 0.9999318484 -1.5307838019
180 -0.0727150389 -0.9973173137 0.0084082644 10.4369572908 0.9973320295 -0.0726565902 0.0070599477 62.5029912127 -0.0064300922 0.0088991958 0.9999397273 -1.5361946860
181 -0.0730851741 -0.9972922180 0.0081724688 10.3689061654 0.9973060410 -0.0730298252 0.0068778710 63.5471430048 -0.0062624132 0.0086531230 0.9999429512 -1.5440637536
182 -0.0730812823 -0.9972936461 0.0080317893 10.2948238858 0.9973023490 -0.0730217326 0.0074733675 64.5950807035 -0.0068666466 0.0085562857 0.9999398178 -1.5630667739
183 -0.0724057612 -0.9973184935 0.0106408807 10.1959106930 0.9973534102 -0.0723294375 0.0073910441 65.6320797917 -0.0066015760 0.0111478729 0.9999160685 -1.5633801520
184 -0.0733958761 -0.9972515503 0.0101188303 10.1270710900 0.9972656208 -0.0733016458 0.0093888326 66.7215551267 -0.0086213009 0.0107802633 0.9999047250 -1.5879549958
185 -0.0734118881 -0.9972222552 0.0125884289 10.0444427837 0.9972488158 -0.0732721497 0.0112245935 67.7666781293 -0.0102710331 0.0133778144 0.9998577599 -1.5767226615
186 -0.0740584949 -0.9971592414 0.0137399623 9.9635353709 0.9971952142 -0.0738976394 0.0118677605 68.8167561207 -0.0108186962 0.0145803332 0.9998351713 -1.5876350339
187 -0.0741350930 -0.9971468056 0.0142209711 9.8871012609 0.9972177473 -0.0740138342 0.0088722508 69.8889354583 -0.0077943879 0.0148391500 0.9998595137 -1.6056724120
188 -0.0742340203 -0.9971477997 0.0136226200 9.8150263702 0.9972241983 -0.0741469166 0.0067921277 70.9596776074 -0.0057626799 0.0140890133 0.9998841389 -1.6145593735
189 -0.0742294422 -0.9971725431 0.0117008257 9.7417671374 0.9972376914 -0.0741929947 0.0035194369 72.0329255692 -0.0026413665 0.0119297503 0.9999253493 -1.6381508981
190 -0.0742612135 -0.9971915005 0.0097151185 9.6816134315 0.9972370660 -0.0742392657 0.0026010819 73.1301207051 -0.0018725335 0.0098814358 0.9999494241 -1.6377958585
191 -0.0747400381 -0.9971738879 0.0076265312 9.6043851691 0.9971996916 -0.0747177460 0.0031675693 74.1953690774 -0.0025887802 0.0078419188 0.9999659007 -1.6403167123
192 -0.0759448773 -0.9971009828 0.0046910217 9.5388994593 0.9971065120 -0.0759279836 0.0036803439 75.2670087216 -0.0033134946 0.0049569516 0.9999822245 -1.6428828662
193 -0.0748603458 -0.9971831473 0.0046582621 9.4527483019 0.9971806864 -0.0748343636 0.0055223827 76.3199854554 -0.0051582289 0.0050585366 0.9999739016 -1.6411606131
194 -0.0749404559 -0.9971828934 0.0031945451 9.3745862151 0.9971734940 -0.0749216947 0.0056358177 77.3888342669 -0.0053806002 0.0036078665 0.9999790160 -1.6487834601
195 -0.0747891658 -0.9971948399 0.0030053206 9.2947071414 0.9971756449 -0.0747662585 0.0071231879 78.4641927454 -0.0068785096 0.0035295698 0.9999701137 -1.6494285614
196 -0.0742014098 -0.9972379483 0.0032596388 9.2138433401 0.9972170793 -0.0741753723 0.0074907256 79.5362895896 -0.0072282508 0.0038063900 0.9999666313 -1.6583142524
197 -0.0744110002 -0.9972084103 0.0061959282 9.1337694002 0.9972018182 -0.0743629080 0.0076610538 80.6065891946 -0.0071789199 0.0067486576 0.9999514582 -1.6707807972
198 -0.0724981540 -0.9973466996 0.0066014066 9.0483597650 0.9973344392 -0.0724393488 0.0087496872 81.7389055554 -0.0082482700 0.0072181463 0.9999399304 -1.6684705162
199 -0.0718247221 -0.9973922573 0.0070635955 8.9707948065 0.9973855095 -0.0717641191 0.0084886225 82.8249707823 -0.0079595736 0.0076548208 0.9999390226 -1.6793289542
200 -0.0714054185 -0.9974148423 0.0080559686 8.8912599962 0.9974241142 -0.0713462663 0.0074058536 83.9118507977 -0.0068119450 0.0085640355 0.9999401256 -1.6938348169
201 -0.0703544827 -0.9974939370 0.0074894896 8.8128954869 0.9975000837 -0.0703011201 0.0071648801 84.9945542445 -0.0066204049 0.0079748480 0.9999462846 -1.6957638231
202 -0.0705448950 -0.9974789097 0.0076969171 8.7420046736 0.9974903368 -0.0704948039 0.0065962560 86.0831997352 -0.0060370335 0.0081429327 0.9999486221 -1.7060638024
203 -0.0691904888 -0.9975551384 0.0098194793 8.6559961381 0.9975830873 -0.0691228080 0.0070725762 87.1906160473 -0.0063765347 0.0102851015 0.9999267756 -1.7113442763
204 -0.0686975847 -0.9975706272 0.0115535935 8.5815984326 0.9976058463 -0.0685984987 0.0087647794 88.2863116332 -0.0079509272 0.0121280517 0.9998948410 -1.7244699772
205 -0.0678723150 -0.9976274524 0.0115245432 8.4910810788 0.9976439849 -0.0677487040 0.0107977980 89.4121799493 -0.0099914068 0.0122302628 0.9998752885 -1.7282856488
206 -0.0677629047 -0.9976157089 0.0130799870 8.4249096928 0.9976503177 -0.0676208764 0.0110118391 90.5407485124 -0.0101011034 0.0137954474 0.9998538160 -1.7483461443
207 -0.0682575065 -0.9975779304 0.0133860191 8.3595961872 0.9976158677 -0.0681109981 0.0111118160 91.6558902593 -0.0101731672 0.0141125700 0.9998486596 -1.7573808227
208 -0.0675036814 -0.9976203245 0.0140335761 8.2798680539 0.9976796575 -0.0673693904 0.0098318938 92.7653846467 -0.0088630635 0.0146647025 0.9998531855 -1.7694653839
209 -0.0677656993 -0.9976017092 0.0140939619 8.2026292487 0.9976713773 -0.0676475687 0.0086965119 93.8865861702 -0.0077222329 0.0146504677 0.9998628561 -1.7987771262
210 -0.0677369760 -0.9976133581 0.0133899146 8.1231632305 0.9976766738 -0.0676311844 0.0082022829 95.0076327132 -0.0072771311 0.0139144034 0.9998767088 -1.8092120022
211 -0.0681891845 -0.9976075129 0.0113791640 8.0567884266 0.9976524766 -0.0681112895 0.0070984614 96.1322664098 -0.0063064289 0.0118364895 0.9999100592 -1.8251701233
212 -0.0684188224 -0.9976139328 0.0092361157 7.9805901136 0.9976261427 -0.0683413532 0.0084580616 97.2787962730 -0.0078066714 0.0097928811 0.9999215746 -1.8230307528
213 -0.0691628596 -0.9975795196 0.0071833845 7.9073687400 0.9975829504 -0.0691112236 0.0072038778 98.3987479553 -0.0066899885 0.0076642628 0.9999482502 -1.8333411260
214 -0.0694031915 -0.9975708294 0.0059697117 7.8173026169 0.9975588899 -0.0693536208 0.0081447165 99.5511015793 -0.0077109104 0.0065204084 0.9999490118 -1.8540943709
215 -0.0711686588 -0.9974599698 0.0029377987 7.7837324939 0.9974150201 -0.0711355588 0.0101493777 100.7291686326 -0.0099146159 0.0036525222 0.9999441782 -1.8494331867
216 -0.0717577522 -0.9974182579 0.0027647512 7.7047273124 0.9973495204 -0.0717188191 0.0122615318 101.8661811827 -0.0120315910 0.0036372833 0.9999210024 -1.8593459960
217 -0.0716443110 -0.9974275581 0.0023149487 7.6247209427 0.9973524528 -0.0716095441 0.0126553574 103.0223000506 -0.0124570297 0.0032155042 0.9999172380 -1.8783619761
218 -0.0717079421 -0.9974227762 0.0024034430 7.5298530835 0.9973549761 -0.0716739623 0.0120786882 104.1524612429 -0.0118752943 0.0032632238 0.9999241615 -1.8965360037
219 -0.0719426393 -0.9974078540 0.0013525477 7.4583569975 0.9973709443 -0.0719280346 0.0088066570 105.3268708840 -0.0086865427 0.0019825660 0.9999603059 -1.9169442386
220 -0.0722944623 -0.9973811014 0.0021093446 7.3736751108 0.9973596963 -0.0722780278 0.0070372554 106.4686163343 -0.0068663662 0.0026125299 0.9999730135 -1.9287371690
221 -0.0716405237 -0.9974264307 0.0028549396 7.2922951750 0.9974078051 -0.0716192833 0.0069533097 107.6257167337 -0.0067309461 0.0033456778 0.9999717500 -1.9431991929
222 -0.0712958469 -0.9974533432 0.0019314256 7.2178615988 0.9974181950 -0.0712763849 0.0087533508 108.8040152568 -0.0085933939 0.0025505167 0.9999598234 -1.9484967607
223 -0.0714657740 -0.9974366409 0.0035763799 7.1366697369 0.9973933952 -0.0714259789 0.0102344899 109.9518439255 -0.0099528087 0.0042984735 0.9999412306 -1.9603002434
224 -0.0708316270 -0.9974813078 0.0037311159 7.0594230483 0.9974221059 -0.0707833448 0.0117839204 111.1144331502 -0.0114901395 0.0045561718 0.9999236061 -1.9651458970
225 -0.0706043694 -0.9975004590 0.0028030911 6.9768126277 0.9974123460 -0.0705593995 0.0137834411 112.2911328866 -0.0135512044 0.0037690089 0.9999010748 -1.9757413017
226 -0.0700684910 -0.9975190932 0.0067871426 6.8887094473 0.9974778855 -0.0699851036 0.0118301829 113.4437272348 -0.0113258344 0.0075989478 0.9999069864 -1.9939927424
227 -0.0693110509 -0.9975746792 0.0063826138 6.7966011604 0.9975653753 -0.0692581796 0.0081625033 114.6343602797 -0.0077006584 0.0069328263 0.9999463164 -1.9990961170
228 -0.0705601613 -0.9974671003 0.0089803931 6.7472954470 0.9974933975 -0.0705083867 0.0059572935 115.8144731002 -0.0053090112 0.0093782305 0.9999419299 -1.9881772909
229 -0.0691923309 -0.9975796863 0.0068695566 6.6614184640 0.9975865769 -0.0691496100 0.0062732018 116.9927900000 -0.0057829914 0.0072870350 0.9999567271 -1.9983939404
230 -0.0694215891 -0.9975765040 0.0046649296 6.5859875969 0.9975507667 -0.0693781994 0.0088956838 118.1572437885 -0.0085504807 0.0052710567 0.9999495513 -2.0019091714
231 -0.0682731080 -0.9976560485 0.0046034313 6.4747086406 0.9976030358 -0.0682159126 0.0116091419 119.3351199646 -0.0112679033 0.0053849893 0.9999220151 -1.9999144801
232 -0.0690979404 -0.9976074357 0.0022088385 6.4181625190 0.9975624826 -0.0690729049 0.0099008608 120.4899664819 -0.0097246014 0.0028875836 0.9999485457 -2.0439493701
233 -0.0685483528 -0.9976475070 0.0007583840 6.3530971667 0.9976150224 -0.0685399195 0.0081576037 121.7409605397 -0.0080864334 0.0013157657 0.9999664386 -2.0376700903
234 -0.0677960248 -0.9976990989 -0.0004550508 6.2688937392 0.9976625169 -0.0677974361 0.0085445908 122.9185097894 -0.0085557818 0.0001253022 0.9999633908 -2.0489316653
235 -0.0668509651 -0.9977612610 -0.0018478274 6.1771224905 0.9976959500 -0.0668678252 0.0114667033 124.0876664402 -0.0115645925 -0.0010770097 0.9999325478 -2.0573222693
236 -0.0672948666 -0.9977281197 -0.0031622894 6.1088975928 0.9976338289 -0.0673325469 0.0138950217 125.2781848048 -0.0140763788 -0.0022197432 0.9998984590 -2.0784764448
237 -0.0668161485 -0.9977579976 -0.0038184592 6.0480599124 0.9976540065 -0.0668653660 0.0146801246 126.4662845272 -0.0149025344 -0.0028286317 0.9998849500 -2.0868011492
238 -0.0662083236 -0.9978039489 -0.0019332587 5.9718109125 0.9977567427 -0.0662241593 0.0097899513 127.6470639776 -0.0098964805 -0.0012807455 0.9999502084 -2.1104644527
239 -0.0662218426 -0.9978036670 -0.0015841866 5.9060607347 0.9977901927 -0.0662294088 0.0053288575 128.8279577445 -0.0054220732 -0.0012277990 0.9999845467 -2.1274394333
240 -0.0649096243 -0.9978908778 -0.0007325954 5.8318192259 0.9978859291 -0.0649116413 0.0031861047 129.9924285854 -0.0032269387 -0.0005242377 0.9999946560 -2.1378429244
241 -0.0638691897 -0.9979547533 -0.0026527437 5.7569993638 0.9979492181 -0.0638797114 0.0040915114 131.1652536072 -0.0042525997 -0.0023859819 0.9999881112 -2.1462959128
