0 1.0000000000 0.0000000000 0.0000000000 0.0000000000 0.0000000000 1.0000000000 0.0000000000 0.0000000000 0.0000000000 0.0000000000 1.0000000000 0.0000000000
1 0.9999999981 0.0000180865 0.0000592458 0.0004060775 -0.0000180868 0.9999999998 0.0000035637 0.0001042763 -0.0000592458 -0.0000035648 0.9999999982 0.0000621187
2 0.9999999856 0.0000243839 0.0001676754 0.0000604448 -0.0000243735 0.9999999978 -0.0000618011 -0.0001592052 -0.0001676769 0.0000617970 0.9999999840 0.0001835958
3 0.9999999924 0.0000639975 0.0001053159 0.0008843687 -0.0000639829 0.9999999884 -0.0001383819 0.0004708474 -0.0001053248 0.0001383752 0.9999999849 0.0004733081
4 0.9999999831 0.0000477033 0.0001775448 0.0001056684 -0.0000476898 0.9999999960 -0.0000761142 0.0006355535 -0.0001775484 0.0000761057 0.9999999813 0.0004838511
5 0.9999999921 -0.0000031165 0.0001255234 -0.0000986469 0.0000031171 1.0000000000 -0.0000041505 -0.0002920233 -0.0001255234 0.0000041509 0.9999999921 0.0001095291
6 0.9999999855 0.0000256179 0.0001686041 0.0000681039 -0.0000256047 0.9999999966 -0.0000782331 0.0001165482 -0.0001686061 0.0000782288 0.9999999827 0.0004977194
7 0.9999999777 0.0000448996 0.0002063197 0.0005369068 -0.0000448370 0.9999999530 -0.0003034390 0.0004884405 -0.0002063333 0.0003034297 0.9999999327 0.0013146613
8 0.9999999949 0.0000349577 0.0000945770 0.0006351990 -0.0000349411 0.9999999841 -0.0001747256 0.0003491650 -0.0000945831 0.0001747223 0.9999999803 0.0003251209
9 0.9999999899 0.0000031127 0.0001419176 0.0003696057 -0.0000030890 0.9999999861 -0.0001669302 -0.0000908140 -0.0001419181 0.0001669297 0.9999999760 0.0005041069
10 0.9999999847 0.0000384455 0.0001708677 0.0001585623 -0.0000383977 0.9999999600 -0.0002802270 0.0009624619 -0.0001708785 0.0002802205 0.9999999461 0.0008817924
11 0.9999999851 -0.0000048057 0.0001722965 0.0002740978 0.0000048162 0.9999999981 -0.0000608477 -0.0000172230 -0.0001722962 0.0000608485 0.9999999833 0.0002597715
12 0.9999999853 0.0000209945 0.0001703536 0.0012573536 -0.0000209757 0.9999999937 -0.0001106627 -0.0002220856 -0.0001703559 0.0001106591 0.9999999794 0.0007304261
13 0.9999999893 0.0000382293 0.0001412614 0.0007277600 -0.0000382104 0.9999999904 -0.0001334110 0.0003006604 -0.0001412665 0.0001334056 0.9999999811 0.0006954388
14 0.9999999872 0.0000432961 0.0001538092 0.0004714354 -0.0000432751 0.9999999897 -0.0001367157 0.0003081069 -0.0001538151 0.0001367091 0.9999999788 0.0003118734
15 0.9999999972 -0.0000010734 0.0000752986 0.0004167802 0.0000010843 0.9999999895 -0.0001449462 0.0001425117 -0.0000752984 0.0001449463 0.9999999867 0.0002765004
16 0.9999999877 0.0000120812 0.0001562497 0.0004107092 -0.0000120892 0.9999999986 0.0000511953 0.0001237051 -0.0001562490 -0.0000511972 0.9999999865 0.0005679175
17 0.9999999816 0.0000024544 0.0001916321 0.0002872854 -0.0000024565 0.9999999999 0.0000107451 0.0002388512 -0.0001916321 -0.0000107456 0.9999999816 0.0002670988
18 0.9999999855 -0.0000046759 0.0001704085 -0.0002177934 0.0000046724 0.9999999998 0.0000208212 -0.0001016746 -0.0001704086 -0.0000208204 0.9999999853 0.0003554865
19 0.9999999950 0.0000322554 0.0000947907 0.0004732166 -0.0000322437 0.9999999920 -0.0001225192 0.0005857387 -0.0000947947 0.0001225162 0.9999999880 0.0008890936
20 0.9999999815 0.0000393737 0.0001883836 0.0009746480 -0.0000393603 0.9999999967 -0.0000712742 0.0003738332 -0.0001883864 0.0000712668 0.9999999797 0.0004072583
21 0.9999999864 0.0000203929 0.0001639138 0.0008441263 -0.0000203785 0.9999999959 -0.0000877963 -0.0000711765 -0.0001639156 0.0000877929 0.9999999827 0.0007111379
22 0.9999999919 0.0000252311 0.0001247569 0.0006857750 -0.0000252175 0.9999999938 -0.0001087129 0.0003996321 -0.0001247596 0.0001087097 0.9999999863 0.0004777059
23 0.9999999842 0.0000482691 0.0001710825 0.0007936877 -0.0000482673 0.9999999988 -0.0000108700 0.0003713739 -0.0001710830 0.0000108618 0.9999999853 0.0003765262
24 0.9999999579 0.0000204783 0.0002896128 0.0007447658 -0.0000204307 0.9999999862 -0.0001646431 -0.0000376503 -0.0002896161 0.0001646372 0.9999999445 0.0007615788
25 0.9999973131 0.0002976287 0.0022989521 0.0121930152 -0.0002976980 0.9999999552 0.0000298338 -0.0001885426 -0.0022989432 -0.0000305181 0.9999973570 0.0052593583
26 0.9999903395 0.0003273523 0.0043833528 0.0343940877 -0.0003285356 0.9999999098 0.0002692467 -0.0011735739 -0.0043832642 -0.0002706842 0.9999903568 0.0066291519
27 0.9999853004 0.0004936108 0.0053995626 0.0661026366 -0.0004960103 0.9999997788 0.0004430548 0.0001563069 -0.0053993427 -0.0004457266 0.9999853241 0.0058019276
28 0.9999867374 0.0009740575 0.0050572956 0.1157502460 -0.0009735773 0.9999995213 -0.0000974199 0.0030256487 -0.0050573881 0.0000924949 0.9999872071 0.0060092783
29 0.9999888319 0.0014012820 0.0045135963 0.1779010316 -0.0014006841 0.9999990098 -0.0001356131 0.0018612208 -0.0045137819 0.0001292895 0.9999898045 0.0039212451
30 0.9999888570 0.0017596435 0.0043805925 0.2539141487 -0.0017587128 0.9999984301 -0.0002163195 0.0022545421 -0.0043809663 0.0002086129 0.9999903818 0.0019624575
31 0.9999894428 0.0020618310 0.0041064816 0.3404753531 -0.0020598524 0.9999977604 -0.0004859885 -0.0003444901 -0.0041074745 0.0004775246 0.9999914503 0.0022803810
32 0.9999910052 0.0021524866 0.0036546189 0.4352080042 -0.0021474892 0.9999967546 -0.0013707991 -0.0005625419 -0.0036575577 0.0013629385 0.9999923823 0.0012398087
33 0.9999917425 0.0023165145 0.0033389667 0.5433426637 -0.0023080997 0.9999941564 -0.0025218541 -0.0006702446 -0.0033447891 0.0025141266 0.9999912457 -0.0025379259
34 0.9999921838 0.0023327781 0.0031922612 0.6603305248 -0.0023230548 0.9999926619 -0.0030462416 -0.0007649689 -0.0031993440 0.0030388020 0.9999902649 -0.0030018737
35 0.9999936017 0.0022978461 0.0027416029 0.7936669671 -0.0022890055 0.9999921850 -0.0032234179 -0.0001110182 -0.0027489884 0.0032171217 0.9999910466 -0.0051208707
36 0.9999951460 0.0022375869 0.0021682238 0.9297402464 -0.0022324960 0.9999947525 -0.0023475462 0.0003131322 -0.0021734652 0.0023426943 0.9999948939 -0.0051793642
37 0.9999965994 0.0022486063 0.0013210037 1.0857766699 -0.0022468540 0.9999965960 -0.0013264975 -0.0049673489 -0.0013239820 0.0013235249 0.9999982477 -0.0110712484
38 0.9999969453 0.0024151265 0.0005258568 1.2455291834 -0.0024146003 0.9999965859 -0.0009989927 -0.0027631831 -0.0005282677 0.0009977200 0.9999993627 -0.0103284000
39 0.9999970207 0.0024340846 -0.0001841323 1.4105143531 -0.0024343117 0.9999962643 -0.0012432022 -0.0065982407 0.0001811055 0.0012436467 0.9999992103 -0.0137145291
40 0.9999957903 0.0028407891 -0.0005910830 1.5960141205 -0.0028418102 0.9999944587 -0.0017339515 -0.0048457452 0.0005861539 0.0017356239 0.9999983220 -0.0153981294
41 0.9999938383 0.0033981779 -0.0008807367 1.7902917164 -0.0034006052 0.9999903834 -0.0027693032 -0.0062738162 0.0008713176 0.0027722812 0.9999957776 -0.0167883111
42 0.9999922721 0.0035207012 -0.0017494013 1.9824869029 -0.0035269330 0.9999874007 -0.0035719920 -0.0031257948 0.0017368033 0.0035781344 0.9999920902 -0.0254845308
43 0.9999897464 0.0041980830 -0.0016980183 2.2002723596 -0.0042052691 0.9999821226 -0.0042508955 0.0046752406 0.0016801424 0.0042579925 0.9999895233 -0.0174384799
44 0.9999874234 0.0045215532 -0.0021699365 2.4087341429 -0.0045305446 0.9999810976 -0.0041567506 0.0044422642 0.0021511005 0.0041665293 0.9999890063 -0.0116778123
45 0.9999825310 0.0054171124 -0.0023648750 2.6422078307 -0.0054277442 0.9999750875 -0.0045126551 0.0075125863 0.0023403705 0.0045254122 0.9999870216 -0.0137252656
46 0.9999772515 0.0062352769 -0.0025724949 2.8876554270 -0.0062495736 0.9999648611 -0.0055874279 0.0058182463 0.0025375653 0.0056033778 0.9999810813 -0.0152818692
47 0.9999694047 0.0072904484 -0.0028353347 3.1455193116 -0.0073120149 0.9999438371 -0.0076718428 0.0065553107 0.0027792443 0.0076923401 0.9999665513 -0.0160952179
48 0.9999545997 0.0090375130 -0.0030202590 3.4307192894 -0.0090657493 0.9999140636 -0.0094698304 0.0067405215 0.0029344158 0.0094967814 0.9999505990 -0.0181983924
49 0.9999334177 0.0108175580 -0.0040175318 3.7171759614 -0.0108534894 0.9999003056 -0.0090322035 0.0013147045 0.0039194249 0.0090752063 0.9999511382 -0.0224194274
50 0.9999057608 0.0129499602 -0.0045572073 4.0247165179 -0.0129815415 0.9998914435 -0.0069699951 -0.0055712557 0.0044664514 0.0070284979 0.9999653249 -0.0231637802
51 0.9998754927 0.0156360538 -0.0021243517 4.3383492653 -0.0156556244 0.9998320130 -0.0095313793 -0.0074472584 0.0019749617 0.0095634506 0.9999523188 -0.0240157869
52 0.9998296791 0.0184257684 0.0010506138 4.6614147660 -0.0184102988 0.9997432881 -0.0132067731 -0.0084169191 -0.0012936891 0.0131851816 0.9999122348 -0.0274535442
53 0.9997729680 0.0212297284 0.0018196308 4.9997401515 -0.0212027794 0.9996808804 -0.0137324240 -0.0137130146 -0.0021105857 0.0136907251 0.9999040501 -0.0283334855
54 0.9996950441 0.0246935811 -0.0002143374 5.3510999091 -0.0246944774 0.9996416355 -0.0103336021 -0.0219952192 -0.0000409130 0.0103357438 0.9999465839 -0.0269870807
55 0.9995837595 0.0288362431 -0.0008825006 5.7167724223 -0.0288419301 0.9995572785 -0.0073068492 -0.0330918410 0.0006714079 0.0073292608 0.9999729152 -0.0281670111
56 0.9994236828 0.0339374254 0.0007438926 6.1019979167 -0.0339323174 0.9994058317 -0.0060482510 -0.0484026603 -0.0009487127 0.0060195233 0.9999814325 -0.0307093986
57 0.9992975144 0.0373073827 0.0035548338 6.4864854683 -0.0372807367 0.9992782532 -0.0072882997 -0.0595748674 -0.0038241755 0.0071506529 0.9999671214 -0.0312071655
58 0.9992266538 0.0389263394 0.0055528847 6.8937859688 -0.0388719505 0.9991982023 -0.0095877039 -0.0747080220 -0.0059216466 0.0093644378 0.9999386188 -0.0305415335
59 0.9992007485 0.0397427375 0.0042870805 7.3061636491 -0.0396729631 0.9990957417 -0.0152890469 -0.0835702271 -0.0048908324 0.0151067459 0.9998739250 -0.0418493310
60 0.9992398970 0.0386938717 0.0047341906 7.7332589207 -0.0386035092 0.9990945436 -0.0178846872 -0.0948839901 -0.0054219317 0.0176883367 0.9998288481 -0.0456898995
61 0.9992451687 0.0378172542 0.0088852734 8.1780969394 -0.0376786706 0.9991731009 -0.0152784905 -0.1126482547 -0.0094557168 0.0149321726 0.9998437976 -0.0452675000
62 0.9992171876 0.0380720220 0.0107486350 8.6362739404 -0.0379572820 0.9992222418 -0.0106843872 -0.1353511187 -0.0111470513 0.0102680344 0.9998851488 -0.0512251449
63 0.9992399219 0.0377586758 0.0096881843 9.1023793072 -0.0376703261 0.9992483723 -0.0091453296 -0.1565581547 -0.0100262179 0.0087734214 0.9999112471 -0.0548958503
64 0.9992517759 0.0379175946 0.0076252445 9.5812736677 -0.0378392190 0.9992320600 -0.0101727000 -0.1730540259 -0.0080051131 0.0098765552 0.9999191826 -0.0663147420
65 0.9992609348 0.0381000339 0.0050962361 10.0683812667 -0.0380198164 0.9991643007 -0.0150064564 -0.1843728362 -0.0056637237 0.0148016077 0.9998744094 -0.0759576851
66 0.9992689309 0.0381140785 0.0029867555 10.5798143424 -0.0380512846 0.9990983278 -0.0188316526 -0.2004031954 -0.0037018135 0.0187042355 0.9998182076 -0.0857032982
67 0.9992948434 0.0374754623 0.0023250135 11.0941470802 -0.0374266433 0.9991310297 -0.0183420800 -0.2215900513 -0.0030103711 0.0182421285 0.9998290666 -0.0975642219
68 0.9993318306 0.0364516006 0.0026782693 11.6449918092 -0.0364087411 0.9992301979 -0.0146087342 -0.2556686114 -0.0032087193 0.0145014607 0.9998896998 -0.1064077232
69 0.9993488157 0.0360502716 0.0015239475 12.1850031399 -0.0360275874 0.9992670116 -0.0129403394 -0.2758407941 -0.0019893332 0.0128770087 0.9999151090 -0.1079888719
70 0.9993498018 0.0360481118 -0.0007121897 12.7376237317 -0.0360545522 0.9992517561 -0.0139999004 -0.2909596774 0.0002069868 0.0140164754 0.9999017430 -0.1133207705
71 0.9993417872 0.0361721654 -0.0027507997 13.3066331651 -0.0362093747 0.9992322775 -0.0149578357 -0.3059920473 0.0022076306 0.0150475950 0.9998843414 -0.1111934510
72 0.9993629336 0.0354459257 -0.0041609164 13.8779114203 -0.0354935348 0.9992980043 -0.0119878113 -0.3313575940 0.0037330763 0.0121278599 0.9999194863 -0.1243756575
73 0.9993824235 0.0349573971 -0.0035709886 14.4630211131 -0.0349919903 0.9993362143 -0.0101336717 -0.3607730047 0.0032143715 0.0102523694 0.9999422767 -0.1220043218
74 0.9993504173 0.0359474974 -0.0025536005 15.1169637097 -0.0359709369 0.9993046085 -0.0098179008 -0.3951942810 0.0021988958 0.0099033786 0.9999485427 -0.1388616601
75 0.9993193439 0.0368866933 -0.0004699496 15.7317535218 -0.0368896119 0.9992618934 -0.0107156371 -0.4191420897 0.0000743383 0.0107256797 0.9999424755 -0.1338768760
76 0.9993067328 0.0372215524 0.0007809580 16.3653267654 -0.0372117115 0.9992557361 -0.0101618064 -0.4514179899 -0.0011586150 0.0101257008 0.9999480625 -0.1314382894
77 0.9992556864 0.0385561082 0.0012246183 17.0040411601 -0.0385451040 0.9992247870 -0.0080062480 -0.4700470040 -0.0015323587 0.0079530858 0.9999671996 -0.1331874621
78 0.9992193611 0.0394934879 -0.0009658315 17.6524147590 -0.0394953978 0.9992176586 -0.0020455760 -0.4999990378 0.0008842890 0.0020821250 0.9999974414 -0.1399280973
79 0.9991618972 0.0408786996 -0.0021059735 18.3302091050 -0.0408846855 0.9991597143 -0.0028823355 -0.5258854529 0.0019863777 0.0029660219 0.9999936285 -0.1424575921
80 0.9991400024 0.0414610059 -0.0004905451 19.0544444395 -0.0414623122 0.9991354193 -0.0030480472 -0.5686571291 0.0003637458 0.0030657650 0.9999952344 -0.1589394123
81 0.9991180477 0.0416342311 0.0054513855 19.7401658209 -0.0415729983 0.9990759953 -0.0109014436 -0.5998526239 -0.0059002217 0.0106651986 0.9999257177 -0.1646791636
82 0.9990159483 0.0429951381 0.0108882136 20.4360416992 -0.0428533926 0.9989976570 -0.0129332136 -0.6249415025 -0.0114333652 0.0124538897 0.9998570792 -0.1671565133
83 0.9988814407 0.0445291382 0.0159067043 21.1625572912 -0.0443111073 0.9989223777 -0.0138061222 -0.6599019505 -0.0165043376 0.0130858355 0.9997781593 -0.1618249078
84 0.9988633104 0.0462132493 0.0116800160 21.8903177828 -0.0460687093 0.9988618640 -0.0123551901 -0.6951549451 -0.0122376961 0.0118030628 0.9998554528 -0.1726493109
85 0.9988460929 0.0479489310 0.0027171245 22.6409665509 -0.0478940423 0.9986979846 -0.0175640623 -0.7376645479 -0.0035557648 0.0174136610 0.9998420480 -0.1976246108
86 0.9987477371 0.0500213255 -0.0009080598 23.3964505830 -0.0500289924 0.9984847429 -0.0229198210 -0.7616738221 -0.0002397960 0.0229365486 0.9997368940 -0.2261816622
87 0.9986965051 0.0510396395 -0.0004958642 24.1483951625 -0.0510373918 0.9984270521 -0.0232078911 -0.8044586817 -0.0006894382 0.0232029473 0.9997305377 -0.2290124750
88 0.9986021419 0.0528409290 0.0012643001 24.9231553949 -0.0528111838 0.9984543511 -0.0173172654 -0.8461031197 -0.0021774063 0.0172262891 0.9998492456 -0.2304864574
89 0.9985080934 0.0545989434 -0.0007367992 25.6943377305 -0.0546038735 0.9984329972 -0.0122461058 -0.8976497929 0.0000670202 0.0122680678 0.9999247422 -0.2346945247
90 0.9983929431 0.0565262818 -0.0040386348 26.4916895413 -0.0565679409 0.9983372973 -0.0110773994 -0.9481146390 0.0034057556 0.0112880547 0.9999304879 -0.2460473984
91 0.9982904812 0.0581462013 -0.0059274300 27.3136638851 -0.0581999375 0.9982612862 -0.0093365840 -1.0043050486 0.0053742370 0.0096655990 0.9999388450 -0.2649340830
92 0.9982669585 0.0586646201 -0.0046413216 28.1158804624 -0.0587093353 0.9982233246 -0.0101689764 -1.0609983494 0.0040365164 0.0104238421 0.9999375231 -0.2664679361
93 0.9981298756 0.0611250660 -0.0006911271 28.9450352571 -0.0611289485 0.9980555444 -0.0121812146 -1.1029803937 -0.0000547943 0.0122006821 0.9999255674 -0.2625775118
94 0.9980345174 0.0626659487 0.0002845754 29.7764747695 -0.0626552974 0.9979305284 -0.0144559413 -1.1603104250 -0.0011898817 0.0144096983 0.9998954669 -0.2684565814
95 0.9978808987 0.0650361378 0.0020032131 30.6058437212 -0.0649870844 0.9977083583 -0.0188337648 -1.2016861779 -0.0032234978 0.0186636712 0.9998206221 -0.2819352713
96 0.9977604175 0.0668758307 0.0013313759 31.4596537012 -0.0668336310 0.9975460764 -0.0208588407 -1.2666808763 -0.0027230611 0.0207231449 0.9997815442 -0.3019187007
97 0.9976145929 0.0690172540 0.0013200933 32.3071907116 -0.0689714566 0.9973746216 -0.0220635975 -1.3194600627 -0.0028393965 0.0219199181 0.9997556977 -0.3056848342
98 0.9975042068 0.0705938579 -0.0013655367 33.1707860048 -0.0706059087 0.9971906967 -0.0250103975 -1.3767964485 -0.0004038799 0.0250443917 0.9996862584 -0.3173026671
99 0.9974043784 0.0719175875 -0.0035166180 34.0337795146 -0.0719823182 0.9971058106 -0.0244652484 -1.4412658171 0.0017469586 0.0246548802 0.9996944958 -0.3303047123
100 0.9973683215 0.0724844087 -0.0015626168 34.9070262096 -0.0725011698 0.9971034475 -0.0229846771 -1.5230681467 -0.0001079401 0.0230374804 0.9997345962 -0.3348123387
101 0.9973144927 0.0731868724 0.0027357673 35.7790802573 -0.0730968469 0.9970157763 -0.0248272587 -1.5817521990 -0.0045446325 0.0245606089 0.9996880127 -0.3577362213
102 0.9973421385 0.0724447166 0.0077731521 36.6567637575 -0.0722437033 0.9971076282 -0.0236056152 -1.6527629717 -0.0094607714 0.0229813134 0.9996911288 -0.3611876795
103 0.9973619657 0.0716943310 0.0113592391 37.5420549458 -0.0714483245 0.9972283158 -0.0207562801 -1.7209408597 -0.0128158624 0.0198899257 0.9997200331 -0.3697577986
104 0.9974179506 0.0707477417 0.0123364833 38.4292392524 -0.0704744921 0.9972854478 -0.0213326390 -1.7938855702 -0.0138122313 0.0204081496 0.9996963187 -0.3887118002
105 0.9975927157 0.0685009414 0.0107886379 39.3335298440 -0.0682717610 0.9974593054 -0.0203445486 -1.8777644454 -0.0121548480 0.0195590142 0.9997348172 -0.4133108859
106 0.9977233664 0.0668729019 0.0087234814 40.1987038588 -0.0666694056 0.9975360950 -0.0218387161 -1.9225739693 -0.0101624059 0.0212074080 0.9997234474 -0.4390044134
107 0.9978840496 0.0647545600 0.0058540986 41.0629614684 -0.0646193455 0.9976908575 -0.0209115530 -1.9791321836 -0.0071946991 0.0204890172 0.9997641904 -0.4569766788
108 0.9980051275 0.0631109170 0.0016666008 41.9170621668 -0.0630763655 0.9978807520 -0.0159805176 -2.0399063292 -0.0026716140 0.0158435154 0.9998709144 -0.4783296283
109 0.9981525371 0.0606378307 0.0038165742 42.7616580293 -0.0605760549 0.9980563839 -0.0146286068 -2.1125022735 -0.0046962032 0.0143703880 0.9998857123 -0.4859739023
110 0.9982125983 0.0595169981 0.0054162288 43.5864918858 -0.0594375180 0.9981364729 -0.0138116971 -2.1494638465 -0.0062281663 0.0134650828 0.9998899447 -0.5074441301
111 0.9982881553 0.0574508333 0.0109617841 44.3855553232 -0.0573358761 0.9982994309 -0.0105282311 -2.1990878031 -0.0115479985 0.0098817050 0.9998844911 -0.5139181655
112 0.9984092848 0.0548401067 0.0130943759 45.1719193228 -0.0547536518 0.9984762431 -0.0068723718 -2.2568158258 -0.0134513048 0.0061444749 0.9998906479 -0.5204611801
113 0.9984992435 0.0541188988 0.0083908052 45.9478877198 -0.0540621329 0.9985140726 -0.0068507415 -2.3001196313 -0.0087490916 0.0063868354 0.9999413291 -0.5427354739
114 0.9985278536 0.0540084647 0.0050210948 46.7035466628 -0.0539774468 0.9985233972 -0.0061204927 -2.3388360168 -0.0053442391 0.0058404565 0.9999686636 -0.5658344103
115 0.9985154954 0.0543105846 0.0041431744 47.4275506564 -0.0542814549 0.9985022054 -0.0068461254 -2.3817301744 -0.0045087858 0.0066110647 0.9999679818 -0.5858667289
116 0.9983695177 0.0565462949 0.0077988871 48.1288681982 -0.0564812708 0.9983689901 -0.0083202012 -2.4218242698 -0.0082566436 0.0078661442 0.9999349737 -0.5987476810
117 0.9981222377 0.0597516267 0.0134811601 48.8121190319 -0.0596551478 0.9981912519 -0.0074490244 -2.4636505549 -0.0139018674 0.0066308163 0.9998813781 -0.6055782832
118 0.9978004422 0.0643367774 0.0159704953 49.4983764807 -0.0642840637 0.9979244324 -0.0037929266 -2.5008531100 -0.0161813721 0.0027579355 0.9998652694 -0.6235553985
119 0.9974458777 0.0694157072 0.0168279716 50.1311533174 -0.0693721333 0.9975858463 -0.0031601311 -2.5475818089 -0.0170067090 0.0019846675 0.9998534057 -0.6372930829
120 0.9968778878 0.0771851070 0.0166413968 50.7487181162 -0.0770777359 0.9970005084 -0.0070006364 -2.5773233248 -0.0171318260 0.0056960984 0.9998370142 -0.6681824820
121 0.9958710980 0.0880394042 0.0221318679 51.3614980140 -0.0878993055 0.9961031477 -0.0072271236 -2.6163505720 -0.0226818949 0.0052519076 0.9997289378 -0.6825918798
122 0.9945242356 0.1008540934 0.0273860663 51.9354611413 -0.1006932739 0.9948915163 -0.0071927346 -2.6666239795 -0.0279715817 0.0043957562 0.9995990536 -0.6975782807
123 0.9925993965 0.1169435910 0.0327205524 52.4877655759 -0.1167975162 0.9931354658 -0.0063471904 -2.7294612586 -0.0332382043 0.0024785381 0.9994443850 -0.7070104352
124 0.9899433195 0.1371999617 0.0344731000 53.0325123481 -0.1369799446 0.9905358237 -0.0086762121 -2.7962611858 -0.0353372164 0.0038668349 0.9993679646 -0.7226752500
125 0.9862879707 0.1617441700 0.0327850931 53.5473132023 -0.1614483953 0.9868142178 -0.0114941388 -2.8645181614 -0.0342119059 0.0060434302 0.9993963290 -0.7494268327
126 0.9813189642 0.1900158875 0.0301173217 54.0479782455 -0.1897009861 0.9817556373 -0.0130155484 -2.9494646793 -0.0320410113 0.0070591188 0.9994616263 -0.7748586940
127 0.9745687358 0.2222483774 0.0286607400 54.5319128948 -0.2219985677 0.9749772454 -0.0116622004 -3.0460090550 -0.0305354744 0.0050029727 0.9995211629 -0.8126777909
128 0.9659297782 0.2570250353 0.0302951278 54.9753255006 -0.2568549065 0.9664038121 -0.0094461087 -3.1581416414 -0.0317052134 0.0013428255 0.9994963613 -0.8377051187
129 0.9547620450 0.2954210917 0.0339972958 55.4230147801 -0.2953093194 0.9553649639 -0.0083780463 -3.2791420036 -0.0349548769 -0.0020406777 0.9993868081 -0.8483517528
130 0.9409579011 0.3364966517 0.0369896169 55.8793581931 -0.3364166073 0.9416744077 -0.0085543062 -3.4093998552 -0.0377106710 -0.0043946794 0.9992790361 -0.8597894013
131 0.9250994182 0.3779350173 0.0368264747 56.3292396505 -0.3779146435 0.9258077432 -0.0077810493 -3.5825989770 -0.0370349664 -0.0067190199 0.9992913819 -0.8734056726
132 0.9066812319 0.4202167629 0.0367017157 56.7867976551 -0.4203802943 0.9073411946 -0.0035163640 -3.7810441259 -0.0347786136 -0.0122404568 0.9993200785 -0.9084948290
133 0.8856671028 0.4627319782 0.0383783717 57.2016654591 -0.4630504150 0.8863316940 -0.0006644010 -3.9965883527 -0.0343234068 -0.0171826829 0.9992630580 -0.9203785901
134 0.8610058861 0.5071228690 0.0386685911 57.6331260579 -0.5075707446 0.8616075707 0.0020816746 -4.2195204393 -0.0322614860 -0.0214193797 0.9992499220 -0.9460432959
135 0.8326183023 0.5524954013 0.0386729138 58.0023758364 -0.5530339790 0.8331490335 0.0040132249 -4.4194046412 -0.0300030124 -0.0247289199 0.9992438640 -0.9664202983
136 0.8020240943 0.5959965548 0.0393123248 58.3935810739 -0.5965535621 0.8025671607 0.0031305054 -4.6788149922 -0.0296850104 -0.0259626482 0.9992220679 -0.9814056316
137 0.7691735078 0.6376848734 0.0415946774 58.7674734461 -0.6383138075 0.7697723583 0.0024493894 -4.9609345963 -0.0304564944 -0.0284344623 0.9991315646 -0.9970881597
138 0.7338993423 0.6778515426 0.0436925810 59.1393322751 -0.6785576346 0.7345448453 0.0018457423 -5.2698726355 -0.0308430208 -0.0310025235 0.9990433182 -1.0158740354
139 0.6969996280 0.7156111657 0.0457403349 59.4868442854 -0.7163338937 0.6977571566 -0.0008385328 -5.6110178349 -0.0325157094 -0.0321808952 0.9989530112 -1.0249348109
140 0.6570918017 0.7520403456 0.0516302502 59.8152596903 -0.7529776081 0.6580433060 -0.0019310809 -5.9533771905 -0.0354271913 -0.0376075249 0.9986644022 -1.0364495778
141 0.6156024022 0.7861585103 0.0546669841 60.1162328497 -0.7871695297 0.6167189805 -0.0046723191 -6.3105089161 -0.0373873501 -0.0401558934 0.9984937107 -1.0581022316
142 0.5714070130 0.8185427037 0.0590073542 60.4263824677 -0.8197125461 0.5727317549 -0.0070483033 -6.7020273118 -0.0395647227 -0.0443416186 0.9982326650 -1.0711751064
143 0.5261754662 0.8483814895 0.0582084798 60.7013166101 -0.8494719835 0.5275387297 -0.0100118803 -7.0971365448 -0.0392011214 -0.0441784671 0.9982542437 -1.0830307559
144 0.4811642948 0.8745252602 0.0607164774 60.9481450549 -0.8757848925 0.4825871257 -0.0105113396 -7.5449089558 -0.0384934223 -0.0481168924 0.9980997050 -1.0816499335
145 0.4311938586 0.9003866536 0.0581010358 61.1811517812 -0.9017012319 0.4322973004 -0.0073438664 -7.9047021990 -0.0317292402 -0.0492231455 0.9982836958 -1.1140401180
146 0.3824439839 0.9222489766 0.0565103918 61.3933932432 -0.9236021507 0.3833183278 -0.0051114409 -8.3400206994 -0.0263754900 -0.0502382797 0.9983889266 -1.1326263936
147 0.3335970793 0.9411398880 0.0544857774 61.5735014023 -0.9425087054 0.3341775455 -0.0016456862 -8.7884360676 -0.0197567443 -0.0508043235 0.9985131906 -1.1549347935
148 0.2849697671 0.9569808782 0.0545878247 61.7181299259 -0.9583800796 0.2854896621 -0.0018099199 -9.2465121278 -0.0173163184 -0.0518001114 0.9985073328 -1.1704866899
149 0.2353878947 0.9702173259 0.0571916034 61.8704231406 -0.9717337791 0.2360326405 -0.0046962992 -9.7235093185 -0.0180555159 -0.0544695610 0.9983521750 -1.1803512053
150 0.1883012916 0.9804214156 0.0575888130 61.9794461033 -0.9819413355 0.1890356510 -0.0075323456 -10.1963277233 -0.0182712116 -0.0551304856 0.9983119715 -1.2072157392
151 0.1406370875 0.9882447453 0.0599460841 62.0682552679 -0.9898463870 0.1416098601 -0.0122791553 -10.6802708322 -0.0206237672 -0.0576105101 0.9981260889 -1.2082533634
152 0.0932174285 0.9938642647 0.0595343134 62.1563938762 -0.9953911324 0.0943791063 -0.0170022858 -11.1838994901 -0.0225167595 -0.0576750184 0.9980814535 -1.2062115755
153 0.0503351772 0.9966211868 0.0649043905 62.1930588085 -0.9985249734 0.0515427027 -0.0170653809 -11.6745113615 -0.0203530679 -0.0639496659 0.9977455552 -1.2029183809
154 0.0079798367 0.9976872594 0.0675015157 62.2122027691 -0.9998462176 0.0090148432 -0.0150423990 -12.1666274700 -0.0156161253 -0.0673710994 0.9976057696 -1.2094168807
155 -0.0328336554 0.9969603416 0.0706542870 62.2232386836 -0.9994385152 -0.0322783900 -0.0089866471 -12.6698958511 -0.0066787240 -0.0709096803 0.9974603811 -1.2250184323
156 -0.0703691221 0.9946409381 0.0757468867 62.2013392047 -0.9975189296 -0.0703212851 -0.0033018180 -13.1744585057 0.0020424952 -0.0757912995 0.9971216110 -1.2411179104
157 -0.1057347681 0.9911308769 0.0804968552 62.1577336398 -0.9943579010 -0.1060771617 -0.0000230043 -13.6866203510 0.0085160778 -0.0800451164 0.9967548624 -1.2464721522
158 -0.1387606397 0.9867433538 0.0841607901 62.0884608472 -0.9902409350 -0.1393602985 0.0012640406 -14.1904739576 0.0129759565 -0.0831640604 0.9964513855 -1.2462658652
159 -0.1704706522 0.9817404709 0.0844121114 62.0358721550 -0.9852529921 -0.1711036800 0.0002687667 -14.6988424150 0.0147070821 -0.0831214686 0.9964308923 -1.2472769994
160 -0.1979684080 0.9763821844 0.0865236350 61.9308081392 -0.9801035431 -0.1984656526 -0.0029033770 -15.2207506831 0.0143371642 -0.0853768982 0.9962455676 -1.2353931556
161 -0.2227596505 0.9707830942 0.0892094286 61.8187926714 -0.9747739105 -0.2231096656 -0.0061563466 -15.7368016152 0.0139270086 -0.0883304093 0.9959938641 -1.2292680999
162 -0.2446919257 0.9652520321 0.0917299076 61.7004855505 -0.9695132716 -0.2448441508 -0.0097651402 -16.2054974004 0.0130337099 -0.0913228138 0.9957360424 -1.2172763442
163 -0.2646381901 0.9598862039 0.0926558353 61.5757400251 -0.9642694281 -0.2646171530 -0.0127370480 -16.7010273546 0.0122922068 -0.0927158986 0.9956167253 -1.2077432862
164 -0.2819540721 0.9549077745 0.0930217366 61.4424307671 -0.9593319486 -0.2819688491 -0.0132582271 -17.1987360113 0.0135688480 -0.0929769350 0.9955758012 -1.2046488376
165 -0.2968827785 0.9502807617 0.0939525935 61.2906487408 -0.9547793525 -0.2970524607 -0.0124989469 -17.7018264382 0.0160313404 -0.0934147185 0.9954982102 -1.1963104352
166 -0.3100898007 0.9459558715 0.0949305252 61.1274209782 -0.9505475294 -0.3103185883 -0.0127188100 -18.2117952949 0.0174272736 -0.0941799495 0.9954026458 -1.1943931162
167 -0.3228837309 0.9416801934 0.0947866538 60.9631145153 -0.9462822618 -0.3230277787 -0.0142455304 -18.7105842994 0.0172039884 -0.0942945792 0.9953956777 -1.1862841529
168 -0.3337441746 0.9379194274 0.0944561989 60.7985264720 -0.9425289008 -0.3337114226 -0.0166119719 -19.2013629157 0.0159404214 -0.0945718462 0.9953904103 -1.1776097510
169 -0.3419305880 0.9348970269 0.0951368600 60.6091902570 -0.9396090884 -0.3417232637 -0.0189729292 -19.7085405880 0.0147727433 -0.0958788832 0.9952833797 -1.1716302995
170 -0.3486936838 0.9322456106 0.0965962543 60.4214142753 -0.9371420636 -0.3482666666 -0.0217963651 -20.2382469961 0.0133216899 -0.0981246680 0.9950849623 -1.1586458744
171 -0.3534160355 0.9303110807 0.0980734362 60.2360477725 -0.9353881145 -0.3527940771 -0.0241953383 -20.7177840616 0.0120905361 -0.1002877472 0.9948850118 -1.1487413608
172 -0.3563678356 0.9289145895 0.1005964770 60.0671976557 -0.9342528574 -0.3557792142 -0.0243464394 -21.1966933195 0.0131743728 -0.1026588341 0.9946293781 -1.1373569539
173 -0.3585265248 0.9279032526 0.1022461967 59.8796280732 -0.9333791722 -0.3582152562 -0.0220261458 -21.6977377173 0.0161880153 -0.1033314280 0.9945152408 -1.1347512809
174 -0.3597386541 0.9274093912 0.1024691264 59.6921017718 -0.9328776311 -0.3596252643 -0.0202236146 -22.1944815878 0.0180949167 -0.1028663719 0.9945305845 -1.1317216800
175 -0.3609013751 0.9266072705 0.1055896002 59.5019813727 -0.9323923524 -0.3609112792 -0.0196862842 -22.6906433965 0.0198670237 -0.1055557428 0.9942149096 -1.1280225221
176 -0.3613173695 0.9260264025 0.1092010095 59.2892886288 -0.9322414100 -0.3611879677 -0.0216611520 -23.2040618037 0.0193832921 -0.1096282536 0.9937836455 -1.1216468691
177 -0.3625946706 0.9251704333 0.1121818802 59.0936397992 -0.9318359712 -0.3617728239 -0.0283221931 -23.7141258519 0.0143815000 -0.1148045877 0.9932839871 -1.1052988205
178 -0.3635564099 0.9248450077 0.1117517276 58.8958021292 -0.9315467501 -0.3618076632 -0.0362748858 -24.2365061285 0.0068839844 -0.1172899260 0.9930738563 -1.0905201783
179 -0.3643262138 0.9250463937 0.1074968813 58.6966620389 -0.9312701555 -0.3620787074 -0.0404339858 -24.7567841759 0.0015190191 -0.1148397984 0.9933828634 -1.0837419915
180 -0.3633993525 0.9254151399 0.1074603623 58.4807335638 -0.9316320798 -0.3607744450 -0.0436287492 -25.2584255337 -0.0016057524 -0.1159681800 0.9932516311 -1.0684564902
181 -0.3627453168 0.9254841505 0.1090638448 58.2678065738 -0.9318848665 -0.3599326290 -0.0451563747 -25.7757978442 -0.0025358726 -0.1180152100 0.9930085496 -1.0725029537
182 -0.3624542653 0.9247216993 0.1162612763 58.0761428258 -0.9320006354 -0.3594471886 -0.0466104514 -26.2662413696 -0.0013119068 -0.1252497403 0.9921243780 -1.0697467807
183 -0.3620488837 0.9243469513 0.1204297285 57.8689868750 -0.9321581518 -0.3591995015 -0.0453530400 -26.7781191956 0.0013363543 -0.1286795707 0.9916853242 -1.0752894648
184 -0.3620099517 0.9245594211 0.1189061465 57.6729651443 -0.9321671922 -0.3595456925 -0.0423228163 -27.2932267861 0.0036222343 -0.1261616894 0.9920030784 -1.0821777553
185 -0.3619606504 0.9249637952 0.1158726248 57.4790605136 -0.9321857967 -0.3596517612 -0.0409908667 -27.8038348374 0.0037587260 -0.1228518959 0.9924178977 -1.0828939558
186 -0.3620709399 0.9251004241 0.1144283172 57.2803342789 -0.9321461621 -0.3597071541 -0.0414040554 -28.3250053959 0.0028577752 -0.1216551221 0.9925683172 -1.0837556809
187 -0.3618839895 0.9249983685 0.1158360757 57.0815232802 -0.9322162515 -0.3595543194 -0.0411527877 -28.8433061842 0.0035830999 -0.1228768073 0.9924154632 -1.0861988676
188 -0.3619438893 0.9247643777 0.1175051778 56.8818116782 -0.9321845696 -0.3597735150 -0.0399367765 -29.3632368877 0.0053431427 -0.1239913858 0.9922689086 -1.0873695900
189 -0.3616900021 0.9247994828 0.1180095716 56.6771611461 -0.9322714688 -0.3597328319 -0.0382387000 -29.8746795038 0.0070887875 -0.1238475122 0.9922759409 -1.0811957053
190 -0.3617176675 0.9253483165 0.1135377564 56.4689182873 -0.9322536172 -0.3600532718 -0.0355645142 -30.4063644347 0.0079700774 -0.1187102973 0.9928969449 -1.0759376800
191 -0.3616742645 0.9256698184 0.1110275356 56.2734564931 -0.9322711963 -0.3600945442 -0.0346747140 -30.9470674337 0.0078830737 -0.1160487252 0.9932122384 -1.0834206092
192 -0.3622403627 0.9254797017 0.1107666080 56.0765212020 -0.9320689950 -0.3603575852 -0.0372800117 -31.4668803863 0.0054136933 -0.1167464460 0.9931469978 -1.0839073522
193 -0.3625813394 0.9252105216 0.1118939813 55.8754038399 -0.9319485186 -0.3602913231 -0.0407691212 -31.9848487526 0.0025944107 -0.1190615528 0.9928834855 -1.0794323782
194 -0.3626066645 0.9247052541 0.1159163482 55.6691688344 -0.9319422577 -0.3598158538 -0.0449018901 -32.5115638505 0.0001875262 -0.1243090678 0.9922435288 -1.0713477437
195 -0.3624032719 0.9247869982 0.1159002870 55.4586638440 -0.9320203178 -0.3597783556 -0.0435621634 -33.0394057110 0.0014126924 -0.1238084929 0.9923051251 -1.0661345534
196 -0.3617118835 0.9252968316 0.1139749387 55.2566582088 -0.9322674863 -0.3598383273 -0.0373324560 -33.5695011551 0.0064689481 -0.1197587226 0.9927819504 -1.0724292729
197 -0.3601604345 0.9256561468 0.1159532634 55.0430168558 -0.9328253778 -0.3588098847 -0.0330496791 -34.1065105466 0.0110125385 -0.1200673336 0.9927046688 -1.0755122438
198 -0.3595995525 0.9253646069 0.1199520994 54.8381851312 -0.9330450436 -0.3580704129 -0.0348213447 -34.6507947846 0.0107288579 -0.1244424519 0.9921688202 -1.0785453611
199 -0.3593523818 0.9249057768 0.1241578416 54.6355544212 -0.9331467872 -0.3575831722 -0.0370317238 -35.1878078068 0.0101458997 -0.1291649292 0.9915712187 -1.0761343983
200 -0.3594106455 0.9252708873 0.1212343726 54.3938321747 -0.9331777990 -0.3566124077 -0.0447971661 -35.7335637482 0.0017841679 -0.1292338035 0.9916125457 -1.0610296533
201 -0.3608557061 0.9253913165 0.1159054387 54.2108444176 -0.9326131323 -0.3575233821 -0.0490894763 -36.2765489579 -0.0039880705 -0.1258091519 0.9920464468 -1.0617356394
202 -0.3615177480 0.9257499393 0.1108691471 54.0088888330 -0.9323112313 -0.3576521872 -0.0536719758 -36.8186425317 -0.0100342353 -0.1227679230 0.9923846790 -1.0518681015
203 -0.3611756574 0.9257913075 0.1116360130 53.7972999482 -0.9324251702 -0.3570560221 -0.0556264245 -37.3611951616 -0.0116381495 -0.1241831390 0.9921910610 -1.0536462856
204 -0.3608056647 0.9258713866 0.1121670529 53.5846393587 -0.9325362959 -0.3563442448 -0.0582652215 -37.9075398697 -0.0139760176 -0.1256222700 0.9919796955 -1.0605744039
205 -0.3603018278 0.9259327221 0.1132748298 53.3731418678 -0.9327427314 -0.3558848096 -0.0577667667 -38.4517115346 -0.0131753483 -0.1264697458 0.9918829637 -1.0732896829
206 -0.3605166309 0.9260660894 0.1114870260 53.1641664201 -0.9326500166 -0.3561185077 -0.0578234821 -39.0026167753 -0.0138457726 -0.1248247037 0.9920821982 -1.0789570767
207 -0.3600188411 0.9263942505 0.1103636115 52.9447516916 -0.9328341815 -0.3556249155 -0.0578904938 -39.5527260432 -0.0143813705 -0.1237926177 0.9922038923 -1.0877643684
208 -0.3600171285 0.9265007322 0.1094717333 52.7232799777 -0.9328364228 -0.3556923318 -0.0574384307 -40.1018457185 -0.0142784919 -0.1227980390 0.9923289607 -1.0951033923
209 -0.3597650878 0.9265613807 0.1097865632 52.5156052700 -0.9329480282 -0.3555515417 -0.0564896264 -40.6665197772 -0.0133063243 -0.1227481531 0.9923486447 -1.1075353811
210 -0.3594196497 0.9268107752 0.1088085587 52.3020448662 -0.9330910324 -0.3553617289 -0.0553097360 -41.2228249101 -0.0125952617 -0.1214076963 0.9925228111 -1.1191580494
211 -0.3594935003 0.9269440863 0.1074201294 52.0919785881 -0.9330580254 -0.3554744460 -0.0551419933 -41.7817940432 -0.0129284336 -0.1200524021 0.9926833717 -1.1337713103
212 -0.3595274500 0.9270715906 0.1061992401 51.8746759479 -0.9330103024 -0.3552870654 -0.0571215958 -42.3510965549 -0.0152245923 -0.1196217669 0.9927027978 -1.1433675758
213 -0.3595057916 0.9272681934 0.1045432125 51.6569563024 -0.9329829909 -0.3551076074 -0.0586628150 -42.9138400570 -0.0172720724 -0.1186266609 0.9927886940 -1.1472615945
214 -0.3592690013 0.9275009386 0.1032850112 51.4292738548 -0.9330498993 -0.3547929567 -0.0594965827 -43.4827010627 -0.0185383417 -0.1177453472 0.9928707686 -1.1595497343
215 -0.3592253241 0.9276037301 0.1025109089 51.2023449724 -0.9330605058 -0.3547603831 -0.0595244750 -44.0447824462 -0.0188483156 -0.1170315794 0.9929493192 -1.1657417543
216 -0.3595401191 0.9277186155 0.1003447713 50.9950797697 -0.9329260314 -0.3551309822 -0.0594222633 -44.6278531436 -0.0194916026 -0.1149789369 0.9931766819 -1.1839533559
217 -0.3593169991 0.9278885976 0.0995692958 50.7773690580 -0.9330355978 -0.3551017565 -0.0578559915 -45.2027009830 -0.0183266829 -0.1136903387 0.9933471898 -1.1975188599
218 -0.3593870162 0.9280019454 0.0982515234 50.5630196222 -0.9330182397 -0.3553125628 -0.0568326234 -45.7832378581 -0.0178307844 -0.1120953704 0.9935374633 -1.2129554725
219 -0.3591307040 0.9281365023 0.0979171618 50.3330358826 -0.9331324837 -0.3551786828 -0.0557841484 -46.3652126943 -0.0169972157 -0.1114034849 0.9936298900 -1.2254257102
220 -0.3593244625 0.9278657277 0.0997553106 50.1156335072 -0.9331022300 -0.3555787171 -0.0537029269 -46.9474430217 -0.0143582399 -0.1123786782 0.9935617110 -1.2366992462
221 -0.3587017678 0.9281112031 0.0997127697 49.8801497057 -0.9333676434 -0.3551791160 -0.0516975617 -47.5470951818 -0.0125651927 -0.1116126797 0.9936723432 -1.2584840941
222 -0.3587172343 0.9283476803 0.0974296170 49.6449288426 -0.9333645820 -0.3553457917 -0.0505957045 -48.1411610104 -0.0123492005 -0.1090869050 0.9939555042 -1.2647497016
223 -0.3586856386 0.9287061014 0.0940722584 49.4223708331 -0.9333608776 -0.3553654237 -0.0505261098 -48.7320113701 -0.0134938784 -0.1059263557 0.9942824158 -1.2745041960
224 -0.3589810175 0.9288689884 0.0912963940 49.1975834463 -0.9332177935 -0.3555968652 -0.0515307611 -49.3266702699 -0.0154006143 -0.1036979845 0.9944895922 -1.2814847618
225 -0.3599385409 0.9287485337 0.0887153194 48.9717536909 -0.9328392974 -0.3566272693 -0.0512624233 -49.9197284034 -0.0159715983 -0.1012084581 0.9947370286 -1.2927438771
226 -0.3612970441 0.9284022418 0.0867970238 48.7431791489 -0.9323345744 -0.3582140288 -0.0493452233 -50.5260420849 -0.0147203043 -0.0987521496 0.9950031787 -1.3048680202
227 -0.3628482718 0.9279168040 0.0855075234 48.5111264275 -0.9317745796 -0.3601351700 -0.0458125769 -51.1338224688 -0.0117159934 -0.0962967510 0.9952837139 -1.3249261786
228 -0.3649758642 0.9271717360 0.0845292291 48.2707922885 -0.9309673466 -0.3625115829 -0.0434183347 -51.7428807970 -0.0096134280 -0.0945405964 0.9954745891 -1.3390013313
229 -0.3681200863 0.9260839411 0.0828017878 48.0321716699 -0.9297393858 -0.3658278068 -0.0418890228 -52.3809762995 -0.0085015548 -0.0924042740 0.9956852784 -1.3486750311
230 -0.3715105131 0.9249415816 0.0803928439 47.7962835088 -0.9283815686 -0.3692233935 -0.0422107654 -53.0020707575 -0.0093595734 -0.0903169777 0.9958690887 -1.3537025643
231 -0.3771534623 0.9229196539 0.0772953958 47.5589299219 -0.9260975465 -0.3749212525 -0.0421590899 -53.6139004293 -0.0099297660 -0.0874835232 0.9961164756 -1.3626614698
232 -0.3851096291 0.9197876046 0.0753746378 47.3104214140 -0.9228054130 -0.3828233375 -0.0433181491 -54.2342744173 -0.0109883261 -0.0862383602 0.9962139338 -1.3695410222
233 -0.3947948932 0.9157516466 0.0744037228 47.0526073152 -0.9186916220 -0.3924120551 -0.0449275273 -54.8597243483 -0.0119455392 -0.0860912351 0.9962156410 -1.3719395969
234 -0.4054832282 0.9111486659 0.0734265634 46.7849522763 -0.9140175621 -0.4030405029 -0.0461546218 -55.4819805048 -0.0124598430 -0.0858280936 0.9962320466 -1.3759635331
235 -0.4188063387 0.9051138888 0.0732809593 46.5274948887 -0.9080015558 -0.4163760194 -0.0465208034 -56.1082006436 -0.0115941911 -0.0860224325 0.9962257354 -1.3940785906
236 -0.4316064109 0.8992168361 0.0715890199 46.2362909558 -0.9019861666 -0.4291796641 -0.0471780796 -56.7056091532 -0.0116987719 -0.0849346673 0.9963178414 -1.4009760119
237 -0.4470952578 0.8917103993 0.0704158656 45.9520910280 -0.8944169721 -0.4446927178 -0.0476095242 -57.3146002046 -0.0111404851 -0.0842671379 0.9963809207 -1.4102634213
238 -0.4638445050 0.8831143968 0.0704076510 45.6604279012 -0.8858572577 -0.4614262474 -0.0484018302 -57.9137214198 -0.0102564148 -0.0848220517 0.9963433271 -1.4174645507
239 -0.4806821899 0.8740574817 0.0704851113 45.3405016139 -0.8768507800 -0.4782965953 -0.0486320517 -58.5180292883 -0.0087944198 -0.0851814860 0.9963266395 -1.4228111735
