0 1.0000000000 0.0000000000 0.0000000000 0.0000000000 0.0000000000 1.0000000000 0.0000000000 0.0000000000 0.0000000000 0.0000000000 1.0000000000 0.0000000000
1 0.9999998440 0.0005317124 -0.0001712839 -0.0010544466 -0.0005317907 0.9999997541 -0.0004570992 -0.0001615068 0.0001710409 0.0004571902 0.9999998809 -0.0004497678
2 0.9999957463 0.0027192391 -0.0010550191 -0.0070532905 -0.0027203905 0.9999957041 -0.0010914597 -0.0000793893 0.0010520466 0.0010943251 0.9999988478 -0.0021885411
3 0.9999805761 0.0059130343 -0.0019706230 -0.0213474377 -0.0059159778 0.9999813885 -0.0014912416 0.0008239530 0.0019617685 0.0015028708 0.9999969464 -0.0033945454
4 0.9999405992 0.0106217841 -0.0024445278 -0.0433460303 -0.0106250476 0.9999426735 -0.0013259353 0.0008217645 0.0024303038 0.0013518297 0.9999961331 -0.0038246758
5 0.9998465797 0.0173156306 -0.0026431053 -0.0719842745 -0.0173188890 0.9998492787 -0.0012149036 0.0020289060 0.0026216701 0.0012604928 0.9999957690 -0.0034857949
6 0.9996796471 0.0251699675 -0.0026600416 -0.1076006570 -0.0251719933 0.9996828680 -0.0007308295 0.0019307838 0.0026408030 0.0007975540 0.9999961950 -0.0026489760
7 0.9994378385 0.0334717707 -0.0019098374 -0.1484519125 -0.0334693359 0.9994389086 0.0012928922 0.0011629270 0.0019520412 -0.0012282444 0.9999973405 -0.0009470583
8 0.9991607239 0.0409613549 -0.0001233297 -0.1865158572 -0.0409607998 0.9991562340 0.0030054793 0.0005211785 0.0002463341 -0.0029979052 0.9999954759 0.0018701202
9 0.9988173352 0.0486060781 0.0011747760 -0.2195323319 -0.0486100719 0.9988111581 0.0036512072 0.0022340825 -0.0009959086 -0.0037039950 0.9999926443 0.0027498250
10 0.9983892543 0.0567300002 0.0007772015 -0.2525708365 -0.0567316140 0.9983869493 0.0022412827 0.0048272719 -0.0006487999 -0.0022817645 0.9999971863 0.0033574827
11 0.9978782852 0.0651069347 -0.0001227499 -0.2900897203 -0.0651066136 0.9978767229 0.0017817945 0.0077313243 0.0002384964 -0.0017700222 0.9999984051 0.0024676206
12 0.9972909006 0.0735585369 0.0000346365 -0.3309289092 -0.0735584687 0.9972890769 0.0019101942 0.0103983725 0.0001059685 -0.0019075671 0.9999981750 0.0024737660
13 0.9965951124 0.0824488220 0.0006113750 -0.3744754078 -0.0824503236 0.9965904111 0.0030816488 0.0127129394 -0.0003552121 -0.0031215642 0.9999950648 0.0042054530
14 0.9958176682 0.0913534734 0.0013094474 -0.4180363598 -0.0913578251 0.9958109674 0.0037769018 0.0162169933 -0.0009589290 -0.0038807338 0.9999920101 0.0061648302
15 0.9950414839 0.0994371222 0.0021688828 -0.4588781564 -0.0994462361 0.9950322915 0.0046027191 0.0194283881 -0.0017004273 -0.0047955837 0.9999870554 0.0079685051
16 0.9943589798 0.1060134586 0.0033713360 -0.4941018791 -0.1060289260 0.9943514692 0.0047981911 0.0225465553 -0.0028436200 -0.0051285836 0.9999828056 0.0093072775
17 0.9938013257 0.1110915176 0.0041952165 -0.5209618879 -0.1111118026 0.9937955429 0.0049584469 0.0265642233 -0.0036183461 -0.0053938492 0.9999789068 0.0095942622
18 0.9934271832 0.1143958726 0.0040020018 -0.5393233526 -0.1144130300 0.9934237078 0.0043583719 0.0276131378 -0.0034771037 -0.0047876062 0.9999824941 0.0092605735
19 0.9930493581 0.1176634152 0.0028797757 -0.5541377455 -0.1176725074 0.9930472283 0.0032223230 0.0306894602 -0.0024806038 -0.0035387962 0.9999906617 0.0079193961
20 0.9926369144 0.1211167372 0.0016407564 -0.5715285670 -0.1211207852 0.9926342509 0.0026456343 0.0338492708 -0.0013082404 -0.0028248840 0.9999951543 0.0058472031
21 0.9922418045 0.1243191761 0.0009715678 -0.5913384696 -0.1243207204 0.9922405693 0.0017352684 0.0364538371 -0.0007483018 -0.0018425919 0.9999980224 0.0052480572
22 0.9917552828 0.1281421668 0.0010218602 -0.6135374604 -0.1281434843 0.9917547215 0.0013490345 0.0398558589 -0.0008405665 -0.0014688569 0.9999985680 0.0054439924
23 0.9912467520 0.1320182502 0.0010287285 -0.6357859205 -0.1320191771 0.9912467610 0.0008919796 0.0428368733 -0.0009019662 -0.0010199837 0.9999990730 0.0046379332
24 0.9907498919 0.1356965628 0.0010461577 -0.6590808235 -0.1356975099 0.9907499108 0.0008944771 0.0463607820 -0.0009151032 -0.0010281641 0.9999990527 0.0046495279
25 0.9902925420 0.1389952298 0.0010037105 -0.6801087734 -0.1389955295 0.9902929807 0.0002349798 0.0495089991 -0.0009613064 -0.0003722100 0.9999994687 0.0047484181
26 0.9897771989 0.1426220829 0.0001948039 -0.7006650605 -0.1426218477 0.9897768238 -0.0009206644 0.0523987629 -0.0003241195 0.0008834693 0.9999995572 0.0025903056
27 0.9891963693 0.1465945965 -0.0007532256 -0.7265051100 -0.1465956665 0.9891951261 -0.0016471651 0.0562594560 0.0005036215 0.0017397894 0.9999983597 0.0020498560
28 0.9885263758 0.1510412410 -0.0014655717 -0.7564890893 -0.1510447413 0.9885233000 -0.0026779579 0.0623874733 0.0010442697 0.0028685990 0.9999953403 0.0006748774
29 0.9877392240 0.1561025700 -0.0017925058 -0.7898809834 -0.1561079705 0.9877340553 -0.0034260023 0.0692139663 0.0012357113 0.0036638213 0.9999925247 -0.0010336438
30 0.9868343340 0.1617266732 -0.0015749146 -0.8281155679 -0.1617312884 0.9868287503 -0.0034652596 0.0740333742 0.0009937461 0.0036743501 0.9999927558 -0.0000954554
31 0.9857839589 0.1680170616 -0.0005033926 -0.8714761391 -0.1680178141 0.9857799390 -0.0028153065 0.0803917053 0.0000232148 0.0028598629 0.9999959103 0.0016940908
32 0.9845774968 0.1749456177 0.0010879268 -0.9211878830 -0.1749432626 0.9845765327 -0.0019763735 0.0877502804 -0.0014169051 0.0017555674 0.9999974552 0.0057450769
33 0.9833836620 0.1815243503 0.0023416854 -0.9688899791 -0.1815188575 0.9833845877 -0.0023784485 0.0950794559 -0.0027345237 0.0019138673 0.9999944297 0.0074097431
34 0.9822090417 0.1877703770 0.0027720011 -1.0109467390 -0.1877597158 0.9822079966 -0.0037068175 0.1043352826 -0.0034187122 0.0031203995 0.9999892877 0.0056680443
35 0.9810631491 0.1936826627 0.0014572819 -1.0423254780 -0.1936704000 0.9810473449 -0.0061549313 0.1154788009 -0.0026217660 0.0057561439 0.9999799964 0.0019054903
36 0.9801590894 0.1982123174 -0.0001918617 -1.0695057453 -0.1982077409 0.9801288964 -0.0078126746 0.1226514068 -0.0013605191 0.0076956925 0.9999694622 -0.0041064555
37 0.9795884668 0.2010095857 -0.0012578835 -1.0875771814 -0.2010133155 0.9795593256 -0.0075613849 0.1245522379 -0.0002877394 0.0076598968 0.9999706212 -0.0080993167
38 0.9792824222 0.2024940225 -0.0014520708 -1.0966778427 -0.2024991824 0.9792618714 -0.0063457309 0.1241189605 0.0001369850 0.0065083058 0.9999788114 -0.0083958213
39 0.9791805913 0.2029851295 -0.0015513929 -1.0975762843 -0.2029909230 0.9791601548 -0.0063305876 0.1258811661 0.0002340470 0.0065137072 0.9999787582 -0.0073015836
40 0.9790936940 0.2033955598 -0.0024051224 -1.0957316273 -0.2034078755 0.9790672438 -0.0072504030 0.1281758416 0.0008800768 0.0075880447 0.9999708231 -0.0086463296
41 0.9790890605 0.2034076180 -0.0031547800 -1.0964852890 -0.2034262598 0.9790606264 -0.0076188316 0.1281684444 0.0015389925 0.0081012798 0.9999659998 -0.0086070849
42 0.9790804692 0.2034439671 -0.0034622369 -1.0981103713 -0.2034648686 0.9790536020 -0.0074894320 0.1285332843 0.0018660358 0.0080372001 0.9999659601 -0.0089127868
43 0.9789651624 0.2039989127 -0.0034138527 -1.0997716108 -0.2040192957 0.9789386975 -0.0074265414 0.1289296040 0.0018269461 0.0079668171 0.9999665955 -0.0088973692
44 0.9788643081 0.2044816603 -0.0034520851 -1.1054177496 -0.2045015413 0.9788411450 -0.0070094574 0.1284987159 0.0019457374 0.0075672644 0.9999694748 -0.0092989946
45 0.9787202335 0.2051669870 -0.0036348282 -1.1095545519 -0.2051881554 0.9786977237 -0.0069704018 0.1308482933 0.0021273018 0.0075678970 0.9999691003 -0.0088170556
46 0.9785535556 0.2059577352 -0.0037881481 -1.1118350891 -0.2059805676 0.9785295832 -0.0072014252 0.1310050171 0.0022236257 0.0078272651 0.9999668942 -0.0096349939
47 0.9783684923 0.2068319614 -0.0039538729 -1.1191429278 -0.2068560809 0.9783448531 -0.0072048747 0.1335307925 0.0023780529 0.0078669051 0.9999662278 -0.0096603043
48 0.9781829389 0.2076983815 -0.0044181891 -1.1237410595 -0.2077260866 0.9781606805 -0.0071802536 0.1337856279 0.0028303718 0.0079413747 0.9999644612 -0.0104299486
49 0.9777888330 0.2095214101 -0.0054568090 -1.1345044255 -0.2095578299 0.9777691371 -0.0072822006 0.1354675321 0.0038097225 0.0082639714 0.9999585955 -0.0132710563
50 0.9771557368 0.2123908672 -0.0075356267 -1.1510306288 -0.2124443750 0.9771466826 -0.0071936228 0.1390098658 0.0058355529 0.0086301912 0.9999457316 -0.0160302835
51 0.9762110834 0.2165722253 -0.0104111409 -1.1761312572 -0.2166478553 0.9762263105 -0.0067747663 0.1441157804 0.0086964035 0.0088691533 0.9999228524 -0.0232017904
52 0.9748160497 0.2226484525 -0.0127018063 -1.2116357608 -0.2227327007 0.9748632481 -0.0056383998 0.1521140308 0.0111271431 0.0083255102 0.9999034316 -0.0280081901
53 0.9730732899 0.2301089882 -0.0133501296 -1.2545530683 -0.2301981788 0.9731278877 -0.0055599115 0.1606783344 0.0117119978 0.0084833769 0.9998954252 -0.0324767274
54 0.9708529438 0.2392794853 -0.0137800389 -1.3009933271 -0.2393925859 0.9708960050 -0.0072206125 0.1738625686 0.0116512403 0.0103089921 0.9998789793 -0.0346405349
55 0.9683613470 0.2491146196 -0.0147718622 -1.3502483466 -0.2492717269 0.9683825558 -0.0099414141 0.1873687040 0.0118282621 0.0133090887 0.9998414676 -0.0371131853
56 0.9654402584 0.2601606804 -0.0155411688 -1.4071448495 -0.2603658952 0.9654217044 -0.0130588408 0.2045620667 0.0116063848 0.0166539210 0.9997939481 -0.0387189945
57 0.9618713275 0.2730152313 -0.0163166438 -1.4627712032 -0.2732657013 0.9618085738 -0.0158153027 0.2241397809 0.0113756694 0.0196710653 0.9997417883 -0.0404806301
58 0.9576697459 0.2873248641 -0.0176940761 -1.5185092359 -0.2876201033 0.9575882736 -0.0173024377 0.2444772769 0.0119722193 0.0216591931 0.9996937258 -0.0447407545
59 0.9538681317 0.2995012558 -0.0208467049 -1.5720136658 -0.2998423686 0.9538588887 -0.0157408505 0.2586258567 0.0151704103 0.0212654210 0.9996587620 -0.0537813454
60 0.9502191974 0.3106161487 -0.0245170384 -1.6259804948 -0.3109701775 0.9503417700 -0.0121683519 0.2701190894 0.0195198791 0.0191866694 0.9996253528 -0.0652615681
61 0.9456025800 0.3241660688 -0.0274248179 -1.6793047838 -0.3245449965 0.9458108168 -0.0106039620 0.2886923366 0.0225012447 0.0189277212 0.9995676242 -0.0726986818
62 0.9408092705 0.3375497671 -0.0306279505 -1.7342313050 -0.3380106781 0.9410753226 -0.0112258077 0.3094433712 0.0250339396 0.0209139183 0.9994678133 -0.0799809650
63 0.9362796002 0.3496757950 -0.0332768475 -1.7915850100 -0.3502066126 0.9366011914 -0.0115558126 0.3296528271 0.0271263471 0.0224732436 0.9993793647 -0.0856624087
64 0.9310933739 0.3630662816 -0.0353271040 -1.8496157175 -0.3636302303 0.9314796763 -0.0108934916 0.3517152424 0.0289514199 0.0229888607 0.9993164302 -0.0912808740
65 0.9253090306 0.3773262593 -0.0377901037 -1.9066863915 -0.3779073694 0.9257960334 -0.0093661423 0.3749146866 0.0314518367 0.0229477347 0.9992418043 -0.0972508689
66 0.9196170687 0.3907435763 -0.0402976998 -1.9652671945 -0.3913248819 0.9202229114 -0.0073912251 0.3975063372 0.0341947929 0.0225665894 0.9991603801 -0.1040660606
67 0.9135680753 0.4044244464 -0.0428280167 -2.0255532524 -0.4050077178 0.9142963307 -0.0055649056 0.4219976181 0.0369069146 0.0224295974 0.9990669611 -0.1119494397
68 0.9068441074 0.4190200430 -0.0453427891 -2.0858688186 -0.4196073539 0.9076975112 -0.0038596231 0.4497431799 0.0395402774 0.0225262441 0.9989640308 -0.1172384004
69 0.8998893315 0.4334624557 -0.0480571600 -2.1484904534 -0.4340338445 0.9008950950 -0.0016277691 0.4764702629 0.0425888829 0.0223232459 0.9988432609 -0.1243006326
70 0.8924351880 0.4483029692 -0.0508319100 -2.2114650310 -0.4488090803 0.8936262028 0.0016183578 0.5066164040 0.0461502413 0.0213695433 0.9987059116 -0.1313681181
71 0.8843965243 0.4636349781 -0.0537158714 -2.2779465668 -0.4640722260 0.8857844628 0.0047806424 0.5372884452 0.0497971573 0.0207000605 0.9985448165 -0.1388114527
72 0.8756233905 0.4796824727 -0.0564659501 -2.3445600423 -0.4800576285 0.8772039503 0.0076093930 0.5720680920 0.0531822470 0.0204439476 0.9983755274 -0.1457796011
73 0.8663742112 0.4958275878 -0.0595879967 -2.4144179832 -0.4962021681 0.8681563087 0.0093825339 0.6101437118 0.0563838144 0.0214389077 0.9981789613 -0.1540534693
74 0.8562416521 0.5126925641 -0.0632184145 -2.4852934764 -0.5130992049 0.8582605384 0.0108652716 0.6508204458 0.0598284144 0.0231340201 0.9979405683 -0.1624586629
75 0.8450745657 0.5304089359 -0.0671962732 -2.5595166950 -0.5308692381 0.8473646569 0.0122878114 0.6966480337 0.0634573119 0.0252883175 0.9976641071 -0.1714369283
76 0.8329485471 0.5487730978 -0.0710267903 -2.6365689527 -0.5493339219 0.8354996954 0.0131339734 0.7468686677 0.0665504330 0.0280775012 0.9973879355 -0.1819229145
77 0.8194266342 0.5683004306 -0.0746633228 -2.7200989668 -0.5689407006 0.8222511982 0.0144722545 0.8036113041 0.0696165951 0.0306200524 0.9971037770 -0.1927383720
78 0.8040297945 0.5894238411 -0.0782024627 -2.8074601103 -0.5899714711 0.8072149437 0.0183765580 0.8654093364 0.0739577779 0.0313619218 0.9967681159 -0.2019156723
79 0.7878129863 0.6103374080 -0.0826979267 -2.8991471978 -0.6108647002 0.7914369452 0.0217227944 0.9318430944 0.0787084285 0.0334037446 0.9963378810 -0.2133732224
80 0.7700976669 0.6318605366 -0.0877601602 -2.9918185016 -0.6329573639 0.7739711869 0.0182640993 1.0088526843 0.0794641990 0.0414832994 0.9959741849 -0.2252692979
81 0.7503150595 0.6542502932 -0.0947832550 -3.0843543094 -0.6564247516 0.7543194390 0.0104273438 1.1000545702 0.0783189445 0.0543942815 0.9954433209 -0.2375643280
82 0.7291329432 0.6764466730 -0.1038510938 -3.1789906453 -0.6799113028 0.7332892145 0.0027473970 1.1954147719 0.0780113546 0.0686063148 0.9945890619 -0.2490181627
83 0.7050510972 0.7002002185 -0.1123503645 -3.2805991317 -0.7048150603 0.7093884773 -0.0019284739 1.3030175938 0.0783497361 0.0805459015 0.9936667835 -0.2605149389
84 0.6779051997 0.7258322180 -0.1166710401 -3.3846580841 -0.7310321100 0.6823379688 -0.0026363628 1.4169171438 0.0776955235 0.0870774806 0.9931671148 -0.2714860978
85 0.6488794712 0.7511444558 -0.1213978518 -3.4935198738 -0.7570548163 0.6533391362 -0.0039972618 1.5397408400 0.0763114466 0.0944985695 0.9925958813 -0.2838153969
86 0.6156073640 0.7782375960 -0.1239911993 -3.6047961551 -0.7844794676 0.6201498347 -0.0024793744 1.6780238301 0.0749635794 0.0987948711 0.9922802201 -0.2968366076
87 0.5805017486 0.8052250845 -0.1209557077 -3.7199609134 -0.8113283395 0.5845869788 -0.0020951496 1.8275132556 0.0690220648 0.0993510314 0.9926556942 -0.3058036154
88 0.5448198179 0.8306001343 -0.1152162442 -3.8368626678 -0.8362089704 0.5484105694 -0.0006364233 1.9862895269 0.0626571928 0.0966915930 0.9933402298 -0.3132074214
89 0.5054762399 0.8557983632 -0.1100133286 -3.9541449342 -0.8610334530 0.5085482950 -0.0001559235 2.1607221081 0.0558136517 0.0948039718 0.9939300998 -0.3221070882
90 0.4637278547 0.8796082280 -0.1060464146 -4.0587775177 -0.8846720314 0.4662113393 -0.0015439762 2.3435397011 0.0480819469 0.0945322817 0.9943599822 -0.3269391939
91 0.4224407673 0.9005100710 -0.1030796302 -4.1567372777 -0.9055204539 0.4242790200 -0.0044744519 2.5338016304 0.0397052355 0.0952309043 0.9946630430 -0.3253336912
92 0.3807394549 0.9192727238 -0.0998755564 -4.2423541206 -0.9241274550 0.3820262428 -0.0066630782 2.7237498631 0.0320298975 0.0948346405 0.9949776262 -0.3258027849
93 0.3385264459 0.9358502963 -0.0978982551 -4.3196467113 -0.9406177899 0.3393608086 -0.0085096922 2.9139597544 0.0252590331 0.0949655961 0.9951600458 -0.3274018415
94 0.2968700578 0.9502831853 -0.0939682738 -4.3832665498 -0.9547090258 0.2974226082 -0.0083945359 3.0998493567 0.0199711028 0.0922044455 0.9955398010 -0.3291605212
95 0.2591875584 0.9618283537 -0.0877953740 -4.4376621017 -0.9657164104 0.2594605491 -0.0084875279 3.2701824886 0.0146158910 0.0869852950 0.9961023713 -0.3270862893
96 0.2254640507 0.9707484569 -0.0825432934 -4.4826290103 -0.9742057382 0.2254638885 -0.0094453477 3.4274209704 0.0094414753 0.0825437363 0.9965427187 -0.3251597047
97 0.1952042365 0.9774963519 -0.0799761724 -4.5164076759 -0.9807509124 0.1949501671 -0.0110489896 3.5669440139 0.0047910212 0.0805935135 0.9967355375 -0.3239690440
98 0.1697937588 0.9822661789 -0.0795187612 -4.5345974486 -0.9854776812 0.1693997823 -0.0117240609 3.6832368067 0.0019543124 0.0803546367 0.9967644220 -0.3240010991
99 0.1512900425 0.9852987628 -0.0793578676 -4.5469039673 -0.9884891632 0.1508589376 -0.0114348194 3.7757110312 0.0007051303 0.0801743664 0.9967806046 -0.3245043827
100 0.1384350552 0.9871813384 -0.0794275806 -4.5600931213 -0.9903714900 0.1380067485 -0.0108834376 3.8543603171 0.0002176157 0.0801694606 0.9967812249 -0.3278387628
101 0.1296948549 0.9883232525 -0.0799774547 -4.5668617949 -0.9915535343 0.1291979705 -0.0113786215 3.9043493941 -0.0009128313 0.0807776765 0.9967317261 -0.3280278864
102 0.1251133974 0.9888801685 -0.0803906097 -4.5665828532 -0.9921413151 0.1245794007 -0.0116440443 3.9314240616 -0.0014995505 0.0812156711 0.9966954229 -0.3273379319
103 0.1238478510 0.9888759350 -0.0823777580 -4.5697225959 -0.9923002943 0.1233068820 -0.0116421080 3.9404008391 -0.0013548559 0.0831853235 0.9965331737 -0.3279000870
104 0.1217203653 0.9889280415 -0.0848851077 -4.5682268419 -0.9925640984 0.1213445547 -0.0095921624 3.9432056418 0.0008143873 0.0854214718 0.9963445734 -0.3288422450
105 0.1206082287 0.9889711745 -0.0859631966 -4.5649761835 -0.9926969623 0.1203753975 -0.0079059863 3.9474102180 0.0025290615 0.0862889311 0.9962669443 -0.3285107928
106 0.1204678486 0.9888952182 -0.0870272648 -4.5645497103 -0.9927136933 0.1202375999 -0.0079020668 3.9526891097 0.0026496335 0.0873451024 0.9961745894 -0.3302966029
107 0.1189917314 0.9891206548 -0.0864944979 -4.5683299373 -0.9928938000 0.1186878302 -0.0086660762 3.9622416036 0.0016940494 0.0869110420 0.9962146360 -0.3298037151
108 0.1180576600 0.9892660315 -0.0861110207 -4.5662638704 -0.9930058402 0.1177296710 -0.0088952775 3.9632959496 0.0013380263 0.0865589021 0.9962458362 -0.3293004866
109 0.1182250257 0.9892882147 -0.0856251802 -4.5686297110 -0.9929859048 0.1179022296 -0.0088349925 3.9645139641 0.0013550458 0.0860691142 0.9962882472 -0.3292845925
110 0.1179606604 0.9893028459 -0.0858205205 -4.5687053770 -0.9930178157 0.1176018347 -0.0092426314 3.9645977718 0.0009488892 0.0863115726 0.9962677411 -0.3274132429
111 0.1181502215 0.9892556021 -0.0861038839 -4.5691967208 -0.9929953851 0.1177777218 -0.0094113468 3.9615679276 0.0008308918 0.0866127120 0.9962417115 -0.3283458116
112 0.1201445716 0.9890814722 -0.0853412169 -4.5688983889 -0.9927562709 0.1196549402 -0.0108481271 3.9457098611 -0.0005181833 0.0860263718 0.9962927255 -0.3237550146
113 0.1222387036 0.9888890185 -0.0845943764 -4.5599426268 -0.9924956412 0.1215203094 -0.0136094260 3.9198007137 -0.0031782771 0.0856231484 0.9963225256 -0.3201899503
114 0.1258705797 0.9885077490 -0.0837199339 -4.5577515323 -0.9920248486 0.1248590542 -0.0172312616 3.8786936227 -0.0065800438 0.0852211636 0.9963403316 -0.3167730865
115 0.1309821301 0.9878420360 -0.0837364529 -4.5478735477 -0.9913365547 0.1296750607 -0.0208857369 3.8095471535 -0.0097732792 0.0857466650 0.9962690362 -0.3105590848
116 0.1362153946 0.9869918969 -0.0853953269 -4.5338975293 -0.9906327548 0.1348669537 -0.0213927519 3.7214107549 -0.0095974651 0.0875094300 0.9961174571 -0.3115972355
117 0.1418036260 0.9861866152 -0.0856019371 -4.5232580411 -0.9898676243 0.1406276738 -0.0196454514 3.6189146315 -0.0073360799 0.0875203823 0.9961357160 -0.3129288236
118 0.1474712885 0.9852935347 -0.0863068335 -4.5009612753 -0.9890477188 0.1463705793 -0.0189806048 3.4940146226 -0.0060686859 0.0881606710 0.9960877808 -0.3135065345
119 0.1526060860 0.9844331574 -0.0871936995 -4.4819103681 -0.9882744331 0.1515624263 -0.0185060992 3.3586452649 -0.0050027290 0.0889954473 0.9960194692 -0.3161634571
120 0.1565914829 0.9837073709 -0.0883114712 -4.4556187300 -0.9876520252 0.1555322147 -0.0187938116 3.2053232126 -0.0047523323 0.0901639541 0.9959155972 -0.3145933731
121 0.1597311708 0.9830930366 -0.0895211394 -4.4300930711 -0.9871482702 0.1586186896 -0.0194526083 3.0379283953 -0.0049239979 0.0914778257 0.9957949396 -0.3123510663
122 0.1618943098 0.9826224192 -0.0907932472 -4.3983584626 -0.9867928236 0.1606931132 -0.0204364034 2.8514533014 -0.0054914185 0.0929026621 0.9956600523 -0.3128487539
123 0.1633140020 0.9822695287 -0.0920603589 -4.3599634906 -0.9865559142 0.1620312061 -0.0212912274 2.6430579404 -0.0059970729 0.0942998470 0.9955257777 -0.3106045552
124 0.1640807748 0.9820060686 -0.0934964204 -4.3283149568 -0.9864301345 0.1627866302 -0.0213565609 2.4193423701 -0.0057523051 0.0957318876 0.9953905348 -0.3124893843
125 0.1631267323 0.9821082462 -0.0940907119 -4.2830991250 -0.9865887232 0.1618306330 -0.0212964200 2.1727436923 -0.0056886302 0.0963028506 0.9953358229 -0.3126816355
126 0.1607721355 0.9824660708 -0.0944073099 -4.2397771302 -0.9869781418 0.1595342153 -0.0205665202 1.9126376522 -0.0051447121 0.0964844746 0.9953211934 -0.3140466237
127 0.1570850990 0.9829614681 -0.0954516836 -4.1976878561 -0.9875745345 0.1559015489 -0.0197799350 1.6380048116 -0.0045618486 0.0973727850 0.9952375246 -0.3203516137
128 0.1514726726 0.9837783583 -0.0961050012 -4.1475417538 -0.9884497790 0.1502808723 -0.0195625604 1.3404301036 -0.0048024801 0.0979581604 0.9951789462 -0.3209833224
129 0.1460745438 0.9844929139 -0.0971387160 -4.1043123537 -0.9892623762 0.1448995490 -0.0190806620 1.0357970592 -0.0047094204 0.0988828759 0.9950879349 -0.3235001665
130 0.1413903253 0.9852092502 -0.0968065555 -4.0510571192 -0.9899419847 0.1402306549 -0.0187144433 0.7048309121 -0.0048623959 0.0984789149 0.9951272584 -0.3253934975
131 0.1392828929 0.9856499299 -0.0953650434 -4.0125933993 -0.9902385323 0.1381196140 -0.0187248851 0.3644259805 -0.0052843987 0.0970421967 0.9952662394 -0.3237407233
132 0.1381151464 0.9858528525 -0.0949650436 -3.9629419201 -0.9904041072 0.1370037113 -0.0181572982 0.0164239027 -0.0048898607 0.0965615671 0.9953150019 -0.3239036805
133 0.1364377405 0.9860231404 -0.0956196086 -3.9082313468 -0.9906376501 0.1353443751 -0.0178590653 -0.3420430909 -0.0046678754 0.0971610349 0.9952577275 -0.3253610928
134 0.1344772182 0.9860498615 -0.0980894924 -3.8549875394 -0.9909070340 0.1333785394 -0.0177035383 -0.7130662061 -0.0043735382 0.0995782905 0.9950201185 -0.3282815344
135 0.1321982146 0.9861539850 -0.1001196780 -3.8007641719 -0.9912148619 0.1311042151 -0.0174580143 -1.0920400698 -0.0040901785 0.1015480310 0.9948222293 -0.3307331299
136 0.1296667891 0.9864596631 -0.1004184090 -3.7431983091 -0.9915466497 0.1285222001 -0.0178125109 -1.4873443959 -0.0046653286 0.1018792280 0.9947858350 -0.3300859903
137 0.1277084228 0.9867319548 -0.1002527211 -3.6937842683 -0.9917857705 0.1263193138 -0.0201101077 -1.8920413571 -0.0071794309 0.1019974523 0.9947587524 -0.3296968489
138 0.1252177101 0.9871904671 -0.0988711623 -3.6356897285 -0.9920876375 0.1236759987 -0.0215955299 -2.3218041459 -0.0090909115 0.1007930006 0.9948658836 -0.3280080069
139 0.1222657352 0.9876606115 -0.0978652466 -3.5827752658 -0.9924475544 0.1206755466 -0.0220287153 -2.7628506906 -0.0099469522 0.0998194816 0.9949558429 -0.3337221721
140 0.1191150544 0.9881286382 -0.0970226683 -3.5254221911 -0.9928249834 0.1175053990 -0.0221592746 -3.2111290007 -0.0104955264 0.0989660322 0.9950354609 -0.3367363583
141 0.1157307892 0.9887435857 -0.0948288262 -3.4701616368 -0.9932060713 0.1140238802 -0.0232433782 -3.6997206380 -0.0121689904 0.0968745404 0.9952222059 -0.3387667511
142 0.1124794926 0.9891249045 -0.0947643765 -3.4189183000 -0.9935773937 0.1107735919 -0.0230905603 -4.1916308893 -0.0123420578 0.0967529567 0.9952319021 -0.3476465674
143 0.1093400996 0.9894191683 -0.0953648364 -3.3603123877 -0.9939335121 0.1076822089 -0.0223766714 -4.7212346827 -0.0118708113 0.0972329742 0.9951908523 -0.3556123830
144 0.1065308860 0.9898486582 -0.0940787129 -3.3033071182 -0.9942408157 0.1049344031 -0.0217708850 -5.2480572694 -0.0116777876 0.0958561679 0.9953266923 -0.3584962942
145 0.1044490545 0.9902659541 -0.0919985611 -3.2461068116 -0.9944631483 0.1029197268 -0.0212267887 -5.7993423727 -0.0115516993 0.0937062967 0.9955328665 -0.3592019572
146 0.1027200132 0.9906913967 -0.0893261184 -3.1882456859 -0.9946535745 0.1013400552 -0.0198610156 -6.3669722750 -0.0106238235 0.0908886667 0.9958043908 -0.3650979659
147 0.1012611964 0.9909683200 -0.0879088103 -3.1306927715 -0.9948093583 0.0999695145 -0.0189851721 -6.9572843834 -0.0100255029 0.0893749683 0.9959475912 -0.3706253825
148 0.0996796598 0.9910919879 -0.0883212148 -3.0602282958 -0.9949593445 0.0983035052 -0.0198071609 -7.5705258960 -0.0109484334 0.0898503890 0.9958950946 -0.3792699137
149 0.0985111027 0.9913255790 -0.0870009145 -3.0003893947 -0.9950646316 0.0970801912 -0.0205381442 -8.1955903049 -0.0119139222 0.0885947681 0.9959964987 -0.3759482440
150 0.0969046549 0.9916092854 -0.0855599962 -2.9432278023 -0.9952238650 0.0955210580 -0.0201292321 -8.8220716443 -0.0117875521 0.0871019664 0.9961296608 -0.3890657681
151 0.0949460842 0.9919918007 -0.0832917075 -2.8749318240 -0.9954258069 0.0937154933 -0.0185706539 -9.4798028428 -0.0106162129 0.0846739259 0.9963521578 -0.3924022936
152 0.0933938418 0.9921375572 -0.0833106115 -2.8176980218 -0.9955922867 0.0923418933 -0.0164004073 -10.1401796954 -0.0085784004 0.0844750992 0.9963886635 -0.4099059522
153 0.0919483396 0.9923461635 -0.0824293314 -2.7577844346 -0.9957387599 0.0910436541 -0.0146756590 -10.8021949726 -0.0070586663 0.0834274826 0.9964888511 -0.4156307401
154 0.0905697770 0.9926408769 -0.0803816213 -2.6946478377 -0.9958685759 0.0897415203 -0.0138650274 -11.4745565493 -0.0065494240 0.0813052831 0.9966677260 -0.4220587595
155 0.0897720106 0.9929828607 -0.0769806765 -2.6353999327 -0.9959406117 0.0889909243 -0.0135245436 -12.1516990140 -0.0065790584 0.0778823075 0.9969408519 -0.4269866535
156 0.0896637747 0.9932368078 -0.0737634813 -2.5713565168 -0.9959445361 0.0888641339 -0.0140586871 -12.8432706181 -0.0074086775 0.0747248911 0.9971766655 -0.4256230497
157 0.0913043513 0.9932716349 -0.0712388564 -2.5141056624 -0.9957927823 0.0905100419 -0.0143061907 -13.5284627912 -0.0077621015 0.0722453564 0.9973566856 -0.4297230529
158 0.0930510465 0.9931847103 -0.0701828613 -2.4509997908 -0.9956326112 0.0922814477 -0.0141364056 -14.2310441764 -0.0075634858 0.0711917527 0.9974339718 -0.4368361236
159 0.0946988805 0.9931231576 -0.0688368788 -2.3851428255 -0.9954789559 0.0939603126 -0.0138963335 -14.9305952997 -0.0073328359 0.0698416314 0.9975311404 -0.4435557469
160 0.0974466462 0.9930622542 -0.0658142113 -2.3155205825 -0.9952102067 0.0967122764 -0.0142611390 -15.6394897835 -0.0077971565 0.0668886750 0.9977299783 -0.4403386118
161 0.1005823182 0.9928636565 -0.0640699374 -2.2448664509 -0.9949008324 0.0998884103 -0.0139513134 -16.4031249481 -0.0074519077 0.0651464895 0.9978478862 -0.4504760308
162 0.1037061260 0.9926265925 -0.0627494012 -2.1715491482 -0.9945850042 0.1030682880 -0.0133265687 -17.1168677845 -0.0067608331 0.0637916603 0.9979403365 -0.4543981045
163 0.1062691846 0.9924011038 -0.0620234600 -2.0938151641 -0.9943218308 0.1057115487 -0.0122133232 -17.8401333602 -0.0055639193 0.0629691802 0.9979999625 -0.4585856236
164 0.1082212922 0.9922049376 -0.0617860316 -2.0097158628 -0.9941200285 0.1077814505 -0.0104176729 -18.5742108015 -0.0036770783 0.0625501455 0.9980350487 -0.4623569061
165 0.1101492056 0.9920450412 -0.0609408636 -1.9350347691 -0.9939100644 0.1097469530 -0.0099191806 -19.3016983880 -0.0031521997 0.0616623275 0.9980920904 -0.4699979146
166 0.1111618966 0.9919651885 -0.0603994837 -1.8457275388 -0.9937999518 0.1108237207 -0.0089307788 -20.0393216018 -0.0021653261 0.0610177662 0.9981343314 -0.4786865883
167 0.1124684897 0.9917748628 -0.0611020495 -1.7549667659 -0.9936548025 0.1121945753 -0.0079063693 -20.7885199859 -0.0009860198 0.0616035623 0.9981002098 -0.4848205637
168 0.1137437411 0.9916790432 -0.0602912649 -1.6729121272 -0.9935096244 0.1134733489 -0.0079009679 -21.5473210167 -0.0009937725 0.0607986376 0.9981495570 -0.4751599175
169 0.1149662048 0.9915857390 -0.0595020507 -1.5825601817 -0.9933687441 0.1148287125 -0.0057362846 -22.3377726916 0.0011445259 0.0597669562 0.9982117015 -0.4818776957
170 0.1159333278 0.9914496521 -0.0598919928 -1.4974654018 -0.9932556796 0.1158204535 -0.0053644556 -23.0966204683 0.0016181302 0.0601099812 0.9981904487 -0.4927205573
171 0.1161515837 0.9913663994 -0.0608397219 -1.3950456415 -0.9932302937 0.1160287418 -0.0055601083 -23.8937333966 0.0015470519 0.0610736701 0.9981320621 -0.4929661135
172 0.1164339466 0.9912282510 -0.0625275175 -1.3105135907 -0.9931977251 0.1162782922 -0.0061349415 -24.7600213454 0.0011894657 0.0628165035 0.9980243845 -0.4912696976
173 0.1150902149 0.9913520314 -0.0630507125 -1.2136492844 -0.9933541507 0.1149431413 -0.0059670369 -25.5383885165 0.0013318128 0.0633184345 0.9979924860 -0.4863522596
174 0.1133136029 0.9915710018 -0.0628249610 -1.1239501774 -0.9935578425 0.1131939515 -0.0054720108 -26.3198563930 0.0016855184 0.0630402859 0.9980095598 -0.4882007583
175 0.1100380132 0.9918003000 -0.0649907732 -1.0327637916 -0.9939268500 0.1098699574 -0.0061651682 -27.1060440515 0.0010259179 0.0652744773 0.9978668198 -0.4896451784
176 0.1062071028 0.9921522876 -0.0659840095 -0.9419809210 -0.9943435257 0.1059060697 -0.0080534014 -27.9096680577 -0.0010020934 0.0664661010 0.9977881805 -0.4912914851
177 0.1028937869 0.9924467181 -0.0668010510 -0.8535212895 -0.9946898908 0.1025119415 -0.0091281450 -28.7252092726 -0.0022112920 0.0673855595 0.9977245595 -0.4889994232
178 0.0993849217 0.9928157325 -0.0666300133 -0.7726430204 -0.9950421805 0.0989121239 -0.0103658438 -29.5381681230 -0.0037008566 0.0673298823 0.9977239050 -0.4981641060
179 0.0947673622 0.9932098718 -0.0674781266 -0.6792404244 -0.9954941550 0.0943279048 -0.0096764507 -30.3672104613 -0.0032456760 0.0680910923 0.9976738288 -0.4931720993
180 0.0905613910 0.9935684345 -0.0679735273 -0.6035907220 -0.9958791230 0.0900175544 -0.0110277927 -31.1980653044 -0.0048380560 0.0686921089 0.9976261762 -0.4970381005
181 0.0865708320 0.9940059289 -0.0667660424 -0.5358941941 -0.9962225328 0.0859171715 -0.0126057428 -32.0281857809 -0.0067938335 0.0676051255 0.9976890251 -0.4961921429
182 0.0823898350 0.9943325598 -0.0671913356 -0.4515430120 -0.9965689951 0.0816664585 -0.0134472141 -32.8429507154 -0.0078837244 0.0680687155 0.9976494860 -0.5145960609
183 0.0808687118 0.9944621817 -0.0671209409 -0.3882850030 -0.9966984331 0.0801935383 -0.0126976350 -33.6870424400 -0.0072446520 0.0679261779 0.9976640463 -0.5149514681
184 0.0816499177 0.9944519800 -0.0663215679 -0.3219161897 -0.9966455232 0.0810959770 -0.0110065247 -34.5256437106 -0.0055670479 0.0669977755 0.9977375938 -0.5227692260
185 0.0829877728 0.9944140183 -0.0652210848 -0.2537564001 -0.9965432747 0.0825589007 -0.0092482150 -35.3683218889 -0.0038119735 0.0657631221 0.9978279815 -0.5297287256
186 0.0841078919 0.9942361507 -0.0664856321 -0.1794448398 -0.9964518467 0.0837128141 -0.0087110257 -36.2134871696 -0.0030951172 0.0669823968 0.9977493567 -0.5386193198
187 0.0852389542 0.9940885962 -0.0672471833 -0.1092366509 -0.9963566654 0.0848560935 -0.0085345624 -37.0704588269 -0.0027777778 0.0677296564 0.9976998434 -0.5473831101
188 0.0859624260 0.9939495637 -0.0683719684 -0.0279993326 -0.9962921821 0.0855171743 -0.0094181118 -37.9444754627 -0.0035141505 0.0689280613 0.9976154435 -0.5485483794
189 0.0874283115 0.9938558355 -0.0678739164 0.0512022690 -0.9961671475 0.0870399610 -0.0086636883 -38.8338481670 -0.0027027141 0.0683712173 0.9976562895 -0.5620848293
190 0.0880873145 0.9936829566 -0.0695327745 0.1378440046 -0.9961109417 0.0877390129 -0.0080534096 -39.6975457454 -0.0019017988 0.0699717607 0.9975471597 -0.5591384325
191 0.0896418324 0.9934656215 -0.0706427695 0.2091987167 -0.9959739105 0.0894557893 -0.0057992480 -40.5377133474 0.0005580512 0.0708782105 0.9974848209 -0.5750315891
192 0.0910426252 0.9935352092 -0.0678161371 0.2858022368 -0.9958422855 0.0910403129 -0.0031311069 -41.3900994967 0.0030631375 0.0678192411 0.9976929226 -0.5879932929
193 0.0925553247 0.9934693544 -0.0667244615 0.3557685328 -0.9957019148 0.0925720736 -0.0028474684 -42.2460501759 0.0033479492 0.0667012223 0.9977673768 -0.5768568909
194 0.0931352576 0.9935478804 -0.0647181050 0.4483007299 -0.9956517006 0.0930605261 -0.0041748613 -43.1258851729 0.0018747764 0.0648255181 0.9978948529 -0.5857208451
195 0.0944794973 0.9935776927 -0.0622655055 0.5495044415 -0.9955260429 0.0942169271 -0.0071462203 -44.1386087003 -0.0012338604 0.0626621035 0.9980340367 -0.5839253078
196 0.0958227887 0.9935629411 -0.0604208186 0.6321617386 -0.9953971491 0.0955493865 -0.0074047508 -44.9933243290 -0.0015839138 0.0608522544 0.9981455276 -0.5844710179
197 0.0970795689 0.9935200168 -0.0591061214 0.7150173814 -0.9952761411 0.0969666552 -0.0047823442 -45.8344167280 0.0009799682 0.0592911803 0.9982402494 -0.5912618702
198 0.0985004340 0.9934286995 -0.0582845058 0.7988341404 -0.9951361638 0.0984075440 -0.0044688630 -46.6798304702 0.0012961384 0.0584412044 0.9982900108 -0.5974976816
199 0.0994884545 0.9935407506 -0.0545786076 0.8884842194 -0.9950378936 0.0992680538 -0.0067412024 -47.5111523326 -0.0012797471 0.0549784545 0.9984867209 -0.5955963321
200 0.1008193588 0.9933919049 -0.0548450555 0.9845167568 -0.9949018999 0.1005338702 -0.0079467281 -48.3481387577 -0.0023804297 0.0553666339 0.9984632539 -0.5958277221
201 0.1017349239 0.9932074096 -0.0564716456 1.0719225567 -0.9948114815 0.1015509702 -0.0061250953 -49.1817718660 -0.0003487395 0.0568017775 0.9983854148 -0.5968433902
202 0.1036913972 0.9929771626 -0.0569600634 1.1445858818 -0.9946058037 0.1036773508 -0.0032096828 -49.9936716196 0.0027183268 0.0569856260 0.9983712982 -0.6161898694
203 0.1047341489 0.9928102601 -0.0579529594 1.2347414669 -0.9944920566 0.1047919310 -0.0020495027 -50.8249444556 0.0040382353 0.0578484106 0.9983172111 -0.6233823500
204 0.1054383517 0.9929282299 -0.0545553331 1.3066813278 -0.9944245103 0.1053691816 -0.0041507614 -51.6490236402 0.0016270427 0.0546888098 0.9985021216 -0.6201040598
205 0.1051617158 0.9928538505 -0.0564113909 1.4029871688 -0.9944549294 0.1050287490 -0.0053249664 -52.4363704509 0.0006379045 0.0566585683 0.9983934093 -0.6464208125
206 0.1046272569 0.9927730730 -0.0587772296 1.4767869053 -0.9945102324 0.1043496159 -0.0077817326 -53.2930597224 -0.0015921132 0.0592687376 0.9982407936 -0.6490306801
207 0.1018857323 0.9929965840 -0.0598087090 1.5698628271 -0.9947960946 0.1017114965 -0.0059583282 -54.0768631712 0.0001666338 0.0601045387 0.9981920740 -0.6670914228
208 0.0971239232 0.9934237992 -0.0606308401 1.6538271251 -0.9952722431 0.0969236294 -0.0062427737 -54.8256620236 -0.0003251588 0.0609505148 0.9981407361 -0.6661575741
209 0.0899354371 0.9941178907 -0.0603426591 1.7162793542 -0.9959469240 0.0898406164 -0.0042881411 -55.5381951345 0.0011583039 0.0604837415 0.9981685105 -0.6775971152
210 0.0818462195 0.9948417291 -0.0599260404 1.7750116953 -0.9966442977 0.0817679211 -0.0037617687 -56.2404472378 0.0011576633 0.0600328330 0.9981957317 -0.6849821251
211 0.0727230749 0.9956935729 -0.0574948987 1.8273666711 -0.9973516777 0.0726594742 -0.0031987058 -56.9461161352 0.0009926183 0.0575752534 0.9983406758 -0.6880709611
212 0.0611576764 0.9965301624 -0.0564568344 1.8772887106 -0.9981278257 0.0611029852 -0.0026960546 -57.6310045487 0.0007629814 0.0565160218 0.9984014008 -0.6937288284
213 0.0471090965 0.9972455307 -0.0572894809 1.9229252225 -0.9988895355 0.0469939366 -0.0033564661 -58.3452044968 -0.0006549626 0.0573839830 0.9983519668 -0.6983505406
214 0.0289622685 0.9978470430 -0.0588427217 1.9456566703 -0.9995799268 0.0288486835 -0.0027790800 -58.9921704623 -0.0010755616 0.0588984919 0.9982633975 -0.7140471350
215 0.0068435093 0.9983768176 -0.0565411043 1.9844827464 -0.9999744363 0.0067153881 -0.0024556729 -59.6778916456 -0.0020719914 0.0565564643 0.9983972522 -0.7203407652
216 -0.0173455368 0.9982712140 -0.0561579533 1.9880662594 -0.9998445879 -0.0174951081 -0.0021728301 -60.3391508938 -0.0031515632 0.0561115367 0.9984195326 -0.7209470770
217 -0.0456126503 0.9975146118 -0.0537036820 1.9718082491 -0.9989465512 -0.0458166622 -0.0025731984 -60.9921013128 -0.0050273263 0.0535297375 0.9985536006 -0.7206251518
218 -0.0770207158 0.9956714516 -0.0520208600 1.9397340766 -0.9970034128 -0.0772911766 -0.0032045123 -61.6009910414 -0.0072113948 0.0516181611 0.9986408570 -0.7199394716
219 -0.1128205381 0.9923829731 -0.0494728308 1.8842341313 -0.9935726691 -0.1131374241 -0.0036434165 -62.2231879518 -0.0092128930 0.0487438003 0.9987688244 -0.7493732088
220 -0.1501040171 0.9875087316 -0.0479091758 1.8029827447 -0.9885962239 -0.1505092778 -0.0049460537 -62.8775031975 -0.0120950466 0.0466204077 0.9988394503 -0.7316149328
221 -0.1909182906 0.9804935639 -0.0467180638 1.7155268870 -0.9815431716 -0.1912279310 -0.0022092337 -63.4843730246 -0.0110999380 0.0454340133 0.9989056721 -0.7432376630
222 -0.2339834587 0.9712174095 -0.0445924277 1.5976551118 -0.9721909369 -0.2341887632 0.0006367464 -64.0980696396 -0.0098246262 0.0435013421 0.9990050600 -0.7570779276
223 -0.2793924126 0.9592332178 -0.0425618801 1.4589244415 -0.9601385727 -0.2795032146 0.0034459097 -64.7332561112 -0.0085907511 0.0418280638 0.9990878901 -0.7656684386
224 -0.3253410266 0.9447512242 -0.0399792541 1.2881942727 -0.9455624111 -0.3253986317 0.0052399663 -65.3528646670 -0.0080587299 0.0395076558 0.9991867703 -0.7792483496
225 -0.3702083882 0.9281772254 -0.0378521794 1.0798848245 -0.9288981293 -0.3703060832 0.0046551208 -65.9365710414 -0.0096961151 0.0368841833 0.9992725066 -0.7842131614
226 -0.4153016102 0.9090601769 -0.0336774003 0.8479493415 -0.9096222549 -0.4154193980 0.0037519476 -66.4911449645 -0.0105794991 0.0321919026 0.9994257129 -0.7878367408
227 -0.4600959744 0.8873240186 -0.0311091677 0.6042501787 -0.8878107694 -0.4601851395 0.0046556629 -67.0334956579 -0.0101848951 0.0297611059 0.9995051498 -0.8065607604
228 -0.5032373124 0.8635236963 -0.0328486409 0.3153113029 -0.8640514917 -0.5033861356 0.0041735058 -67.5511490468 -0.0129316292 0.0304831810 0.9994516240 -0.8299898065
229 -0.5458235796 0.8370448937 -0.0378479307 0.0133885306 -0.8377101705 -0.5461046180 0.0033788395 -68.0741384160 -0.0178406894 0.0335498467 0.9992777980 -0.8576686020
230 -0.5869237610 0.8086127496 -0.0408156816 -0.3380915829 -0.8092420120 -0.5874725851 -0.0018242263 -68.5938871876 -0.0254531865 0.0319590825 0.9991650276 -0.8640003726
231 -0.6264166241 0.7780856687 -0.0467429695 -0.6814116998 -0.7784906359 -0.6275221004 -0.0129747214 -69.0619634114 -0.0394276911 0.0282613829 0.9988226827 -0.8642077644
232 -0.6644207552 0.7454265164 -0.0537063189 -1.0485716786 -0.7457651134 -0.6659802374 -0.0174562031 -69.5038474490 -0.0487796636 0.0284540353 0.9984041828 -0.8755540940
233 -0.7006148364 0.7110594954 -0.0594411044 -1.4362989142 -0.7115794296 -0.7024321960 -0.0156117077 -69.9399975504 -0.0528541984 0.0313592731 0.9981097283 -0.9032348524
234 -0.7348374821 0.6757775649 -0.0577802539 -1.8360236978 -0.6761982133 -0.7365690163 -0.0149016955 -70.3275051127 -0.0526293762 0.0281205801 0.9982181033 -0.9296617336
235 -0.7669727630 0.6394087349 -0.0539374682 -2.2756792152 -0.6397916472 -0.7684530865 -0.0121038021 -70.7122417959 -0.0491876906 0.0252254551 0.9984709548 -0.9631861632
236 -0.7974502555 0.6014349721 -0.0484671460 -2.7207014129 -0.6017138269 -0.7986459860 -0.0102498569 -71.0631396743 -0.0448727139 0.0209896008 0.9987721843 -1.0027700441
237 -0.8262698641 0.5609691528 -0.0509089515 -3.2043256728 -0.5614324731 -0.8275005065 -0.0060406828 -71.4239844133 -0.0455158198 0.0235907043 0.9986850298 -1.0312245398
238 -0.8529170153 0.5196675813 -0.0497812215 -3.6979197387 -0.5201395094 -0.8540720776 -0.0039720384 -71.7511810081 -0.0445808907 0.0225053610 0.9987522480 -1.0663687330
239 -0.8774479730 0.4775123426 -0.0454644614 -4.1956617906 -0.4777993988 -0.8784545593 -0.0050320721 -72.0459095598 -0.0423413398 0.0173075108 0.9989532827 -1.0900880477
240 -0.8994600007 0.4349291916 -0.0425241738 -4.7084611901 -0.4351783742 -0.9003366725 -0.0036957885 -72.3151668605 -0.0398934793 0.0151813869 0.9990886026 -1.1233029091
