0 1.0000000000 0.0000000000 0.0000000000 0.0000000000 0.0000000000 1.0000000000 0.0000000000 0.0000000000 0.0000000000 0.0000000000 1.0000000000 0.0000000000
1 0.9999999330 0.0002836802 -0.0002311887 0.0474723774 -0.0002836747 0.9999999595 0.0000236635 -0.0020205657 0.0002311954 -0.0000235980 0.9999999730 -0.0004578562
2 0.9999989349 0.0013370594 -0.0005851458 0.1054073226 -0.0013370593 0.9999991061 0.0000004432 -0.0028354422 0.0005851458 0.0000003392 0.9999998288 -0.0013970420
3 0.9999922314 0.0038830397 -0.0006776610 0.1691585959 -0.0038830265 0.9999924608 0.0000208760 -0.0030085159 0.0006777370 -0.0000182444 0.9999997702 -0.0034096863
4 0.9999684784 0.0079337450 -0.0003129544 0.2434579091 -0.0079336805 0.9999685065 0.0002068470 -0.0015297733 0.0003145856 -0.0002043576 0.9999999296 -0.0033034085
5 0.9999064346 0.0136381214 0.0010600502 0.3317666340 -0.0136387719 0.9999068022 0.0006089212 -0.0035907774 -0.0010516468 -0.0006233220 0.9999992528 -0.0014364311
6 0.9997531833 0.0219741190 0.0032726978 0.4390140595 -0.0219791182 0.9997573055 0.0014994878 -0.0056672703 -0.0032389536 -0.0015710487 0.9999935205 0.0008037814
7 0.9994732869 0.0320245744 0.0052512383 0.5646770339 -0.0320431567 0.9994803807 0.0034935246 -0.0110697834 -0.0051366310 -0.0036599507 0.9999801097 0.0038122731
8 0.9990454470 0.0432541712 0.0061050438 0.7142911829 -0.0432867739 0.9990485602 0.0053131421 -0.0164810213 -0.0058694197 -0.0055723381 0.9999672489 0.0057365308
9 0.9984449913 0.0554865376 0.0053706208 0.8867268666 -0.0555117875 0.9984470993 0.0046724066 -0.0245009827 -0.0051030251 -0.0049632737 0.9999746622 0.0045511502
10 0.9975824614 0.0693179334 0.0049251299 1.0780251366 -0.0693247053 0.9975934055 0.0012176207 -0.0343184138 -0.0048288741 -0.0015561103 0.9999871302 0.0025703318
11 0.9964276542 0.0843185645 0.0047233094 1.2888371451 -0.0843044709 0.9964351950 -0.0031078009 -0.0448034312 -0.0049685171 0.0026985027 0.9999840158 -0.0026110379
12 0.9951062799 0.0986906278 0.0048632932 1.5161062393 -0.0986691303 0.9951102173 -0.0044786345 -0.0661969484 -0.0052815120 0.0039768604 0.9999781449 -0.0047357846
13 0.9935938322 0.1128450843 0.0061060279 1.7584734968 -0.1128284825 0.9936099522 -0.0029994115 -0.0927384790 -0.0064054789 0.0022912629 0.9999768597 -0.0018355732
14 0.9919118195 0.1267322772 0.0070620312 2.0212840349 -0.1267371406 0.9919363073 0.0002436558 -0.1243194453 -0.0069742061 -0.0011367067 0.9999750339 0.0027146453
15 0.9902011503 0.1394812390 0.0068312460 2.2909812019 -0.1395099997 0.9902128646 0.0039297203 -0.1716531848 -0.0062162654 -0.0048442407 0.9999689452 0.0055199760
16 0.9880946203 0.1537864654 0.0043294835 2.5800677921 -0.1538097155 0.9880841769 0.0056772067 -0.2084180787 -0.0034048166 -0.0062755340 0.9999745121 0.0039455590
17 0.9857477098 0.1682298492 -0.0004127986 2.9010588508 -0.1682292804 0.9857472147 0.0011566988 -0.2529071889 0.0006015064 -0.0010707684 0.9999992458 -0.0023143082
18 0.9835327604 0.1805489600 -0.0080859280 3.2153728224 -0.1805983937 0.9835394439 -0.0058636486 -0.2999651019 0.0068941535 0.0072273961 0.9999501165 -0.0125181176
19 0.9814428309 0.1912039765 -0.0145261517 3.5426793027 -0.1913565962 0.9814701240 -0.0099523239 -0.3558516750 0.0123540600 0.0125473119 0.9998449591 -0.0232273440
20 0.9796350111 0.2001324123 -0.0161945225 3.8876698620 -0.2003075583 0.9796818696 -0.0100158090 -0.4223880562 0.0138609921 0.0130557225 0.9998186941 -0.0276877923
21 0.9784831638 0.2057644850 -0.0152208685 4.2438305507 -0.2058888573 0.9785496499 -0.0070965588 -0.4990310267 0.0134341558 0.0100776705 0.9998589721 -0.0258967756
22 0.9778593588 0.2089348808 -0.0117170809 4.6190066727 -0.2089744682 0.9779185106 -0.0022490322 -0.5855995592 0.0109884491 0.0046478079 0.9999288234 -0.0213503602
23 0.9773797413 0.2113320214 -0.0082230206 5.0069693348 -0.2113565402 0.9774064940 -0.0022267425 -0.6701296315 0.0075666517 0.0039143622 0.9999637111 -0.0143033796
24 0.9769055779 0.2135829448 -0.0061495921 5.4208133920 -0.2136207261 0.9768961750 -0.0063283985 -0.7600372513 0.0046558750 0.0074959281 0.9999610662 -0.0042249629
25 0.9764036448 0.2157887123 -0.0084352861 5.8606003215 -0.2159079803 0.9762548791 -0.0176112206 -0.8464660732 0.0044346866 0.0190169055 0.9998093273 0.0049751690
26 0.9761873316 0.2166863024 -0.0102635237 6.3261712546 -0.2168824234 0.9758665635 -0.0254256685 -0.9447541613 0.0045064355 0.0270461934 0.9996240271 0.0127273456
27 0.9762976729 0.2161618247 -0.0108129261 6.8219986817 -0.2163749506 0.9759690522 -0.0258125918 -1.0460606409 0.0049733843 0.0275404196 0.9996083187 0.0162308469
28 0.9771562947 0.2122725607 -0.0102925067 7.3133310427 -0.2124327457 0.9770030301 -0.0183686636 -1.1661042600 0.0061566470 0.0201355207 0.9997783037 0.0139954090
29 0.9784514010 0.2062373700 -0.0099500329 7.8238173498 -0.2063485929 0.9784065893 -0.0118660943 -1.2894670607 0.0072879457 0.0136635719 0.9998800891 0.0121405931
30 0.9795566221 0.2009385998 -0.0096178577 8.3574124775 -0.2010410341 0.9795184442 -0.0112303214 -1.4073806365 0.0071642639 0.0129343198 0.9998906824 0.0203965197
31 0.9803596962 0.1969992987 -0.0092812941 8.9193488643 -0.1971290876 0.9802444055 -0.0161563700 -1.5122395241 0.0059151431 0.0176686670 0.9998263996 0.0344399034
32 0.9815163390 0.1910292601 -0.0115541351 9.5100189024 -0.1912457161 0.9812942836 -0.0220591276 -1.6292165821 0.0071240679 0.0238610730 0.9996899003 0.0426816579
33 0.9827837091 0.1842033249 -0.0143288610 10.1137743043 -0.1844522594 0.9826656088 -0.0185920746 -1.7469926015 0.0106557569 0.0209149788 0.9997244713 0.0433971987
34 0.9839737197 0.1774270033 -0.0177588683 10.7213553796 -0.1776624898 0.9840096760 -0.0126884691 -1.8671334580 0.0152236212 0.0156402049 0.9997617843 0.0452893410
35 0.9851848768 0.1704386397 -0.0190112752 11.3458943694 -0.1705838773 0.9853231004 -0.0062871781 -1.9896347248 0.0176606705 0.0094370498 0.9997995013 0.0558755756
36 0.9863920465 0.1631772987 -0.0200972595 11.9926039533 -0.1632998721 0.9865657293 -0.0046058153 -2.1021574609 0.0190757029 0.0078250195 0.9997874207 0.0711291677
37 0.9877478196 0.1544114505 -0.0226130217 12.6699916718 -0.1545385602 0.9879787603 -0.0039752539 -2.2165217683 0.0217273605 0.0074211322 0.9997363896 0.0772669328
38 0.9894073261 0.1431085468 -0.0243533746 13.3771684159 -0.1432031745 0.9896909150 -0.0021779913 -2.3232574887 0.0237906244 0.0056424011 0.9997010401 0.0891603350
39 0.9914201894 0.1278151856 -0.0273730967 14.0677704960 -0.1278048318 0.9917970398 0.0021346592 -2.4275600800 0.0274213982 0.0013820698 0.9996230073 0.1068565779
40 0.9935408538 0.1093839921 -0.0301946037 14.7722985057 -0.1092813502 0.9939981120 0.0050338660 -2.5223353173 0.0305640034 -0.0017016444 0.9995313632 0.1228953057
41 0.9954116197 0.0896512577 -0.0334418793 15.4867311125 -0.0895465409 0.9959719282 0.0046190193 -2.5997396886 0.0337212739 -0.0016032208 0.9994299902 0.1347451468
42 0.9969990022 0.0691980951 -0.0347075386 16.2190789383 -0.0691113662 0.9976021125 0.0036938007 -2.6621726213 0.0348799178 -0.0012840302 0.9993906857 0.1543191563
43 0.9981772600 0.0493710761 -0.0347081326 16.9849904087 -0.0492922870 0.9987795151 0.0031225953 -2.7032119785 0.0348199378 -0.0014060604 0.9993926130 0.1804842286
44 0.9989364066 0.0291558692 -0.0357210148 17.7291455009 -0.0290336619 0.9995706881 0.0039352270 -2.7370621907 0.0358204143 -0.0028939296 0.9993540529 0.2044308946
45 0.9993258339 0.0097034024 -0.0354079315 18.4753522892 -0.0095676320 0.9999462212 0.0040018913 -2.7623967279 0.0354448593 -0.0036604233 0.9993649300 0.2236801172
46 0.9994082635 -0.0092568007 -0.0331275495 19.2344462059 0.0094551832 0.9999382637 0.0058368019 -2.7727931887 0.0330714742 -0.0061465751 0.9994340885 0.2409782534
47 0.9991301274 -0.0280604190 -0.0308480383 20.0016374287 0.0283424520 0.9995600302 0.0087436488 -2.7668868337 0.0305891157 -0.0096103520 0.9994858414 0.2748008587
48 0.9984586310 -0.0467443217 -0.0299220749 20.7895695882 0.0471409446 0.9988076427 0.0126895343 -2.7567475638 0.0292932334 -0.0140805299 0.9994716830 0.3083894962
49 0.9974891212 -0.0631195712 -0.0321149946 21.5943065965 0.0637410244 0.9977910919 0.0187087860 -2.7157351918 0.0308631650 -0.0207088531 0.9993090655 0.3263166190
50 0.9962435233 -0.0788479674 -0.0358027982 22.3692886972 0.0798127850 0.9964610677 0.0263677824 -2.6714259289 0.0335970484 -0.0291262534 0.9990109608 0.3457178986
51 0.9950276340 -0.0932023176 -0.0351188774 23.1463371127 0.0942217094 0.9951408621 0.0285820589 -2.6067440321 0.0322843158 -0.0317488991 0.9989743392 0.3700217904
52 0.9937620370 -0.1054252042 -0.0363667451 23.9178276014 0.1065862472 0.9938007278 0.0316146367 -2.5415762893 0.0328083182 -0.0352936207 0.9988383125 0.3881933772
53 0.9926007011 -0.1158784419 -0.0362771951 24.6829953062 0.1170462150 0.9926136672 0.0319106766 -2.4768490222 0.0323114801 -0.0359206683 0.9988321550 0.4059511103
54 0.9918567874 -0.1222891067 -0.0355736940 25.4309700591 0.1235140817 0.9917411070 0.0345521101 -2.3778173425 0.0310545480 -0.0386645971 0.9987695750 0.4252884514
55 0.9911433907 -0.1281079677 -0.0349732427 26.1639534209 0.1293907292 0.9908929975 0.0372707207 -2.3313706393 0.0298800650 -0.0414658419 0.9986930287 0.4316593214
56 0.9912428360 -0.1278636497 -0.0329928352 26.9208399092 0.1290417937 0.9909687045 0.0364587724 -2.2247297877 0.0280331155 -0.0403969516 0.9987903838 0.4522473268
57 0.9917336607 -0.1239296882 -0.0332532486 27.6162256664 0.1251068281 0.9914893014 0.0360173112 -2.1313891060 0.0285066261 -0.0398797883 0.9987977647 0.4649941974
58 0.9926144366 -0.1160264877 -0.0354179953 28.3021263474 0.1173599709 0.9923534387 0.0382268218 -2.0527093471 0.0307118456 -0.0421011501 0.9986412147 0.4721602527
59 0.9939261790 -0.1037400500 -0.0367253689 28.9806518085 0.1053053453 0.9934830441 0.0436145073 -1.9810745235 0.0319614602 -0.0472169782 0.9983731878 0.4868616872
60 0.9953836836 -0.0879844410 -0.0383413682 29.6355430398 0.0899011691 0.9946172983 0.0515190235 -1.9184265391 0.0336021156 -0.0547281292 0.9979357343 0.4998010367
61 0.9967318695 -0.0712888595 -0.0379931420 30.2880258455 0.0734228544 0.9956074272 0.0580941932 -1.8825159209 0.0336847856 -0.0606938987 0.9975878838 0.5227778288
62 0.9981176346 -0.0506735242 -0.0345453525 30.8982777313 0.0527380981 0.9966983826 0.0617335170 -1.8253648525 0.0313030421 -0.0634391681 0.9974946574 0.5252479071
63 0.9992740796 -0.0278283604 -0.0260172299 31.5295595860 0.0294751836 0.9974356325 0.0652178855 -1.8088386137 0.0241356054 -0.0659374051 0.9975318196 0.5477489904
64 0.9998605413 -0.0003910693 -0.0166956567 32.1448071329 0.0014951004 0.9978075284 0.0661657082 -1.7971763368 0.0166331766 -0.0661814425 0.9976689602 0.5724184948
65 0.9993978636 0.0330725452 -0.0104936640 32.7819021055 -0.0323428092 0.9974637757 0.0634031457 -1.7988209715 0.0125639532 -0.0630255737 0.9979328255 0.5934597783
66 0.9972732273 0.0731190555 -0.0099856788 33.4179043064 -0.0723718828 0.9954803107 0.0614919636 -1.8246555122 0.0144367809 -0.0606016066 0.9980576259 0.6096802663
67 0.9927599167 0.1192966019 -0.0140024515 34.0305315939 -0.1182282718 0.9910828789 0.0614556981 -1.8726202673 0.0212090458 -0.0593552681 0.9980115874 0.6117720668
68 0.9854413841 0.1694361937 -0.0140233649 34.6487627258 -0.1682579014 0.9837603335 0.0624890770 -1.9560820931 0.0243835415 -0.0592197806 0.9979471231 0.6183509635
69 0.9749826215 0.2220845903 -0.0093446487 35.2652980596 -0.2211303270 0.9733497930 0.0607582003 -2.0712606633 0.0225890719 -0.0571718042 0.9981087709 0.6291042510
70 0.9614078292 0.2751272166 0.0000245361 35.8738522170 -0.2745940789 0.9595392696 0.0623095658 -2.2317824168 0.0171195141 -0.0599116419 0.9980568708 0.6505135066
71 0.9448932517 0.3271605400 0.0119467121 36.4887901275 -0.3272560519 0.9429120925 0.0618082701 -2.4177180899 0.0089565277 -0.0623118512 0.9980165399 0.6733813994
72 0.9255037463 0.3779628561 0.0242259152 37.0937533532 -0.3787347649 0.9233171956 0.0636029405 -2.6347649103 0.0016713450 -0.0680399560 0.9976811971 0.6855458697
73 0.9046682217 0.4247542542 0.0340474993 37.6920231516 -0.4261137239 0.9020662023 0.0685832409 -2.9040981299 -0.0015820751 -0.0765531853 0.9970642441 0.7043763035
74 0.8826954995 0.4679059369 0.0437343051 38.2611064553 -0.4699345873 0.8794752174 0.0753977823 -3.2081266501 -0.0031841675 -0.0871055458 0.9961939997 0.6976004975
75 0.8588780205 0.5092971173 0.0542677829 38.8605751920 -0.5121445975 0.8552331067 0.0792732265 -3.5168994982 -0.0060379789 -0.0958789837 0.9953746849 0.7078332360
76 0.8344336160 0.5478434867 0.0599003726 39.4177450285 -0.5510435922 0.8310601311 0.0754322077 -3.8857541942 -0.0084557678 -0.0959508863 0.9953501532 0.7157929674
77 0.8077713940 0.5860945725 0.0632339086 39.9736143176 -0.5894132517 0.8047939225 0.0699911489 -4.2474714201 -0.0098688329 -0.0938077516 0.9955414165 0.7023232187
78 0.7815526861 0.6202087521 0.0672049302 40.5021491400 -0.6237791644 0.7784245724 0.0703899073 -4.6638061698 -0.0086575325 -0.0969344564 0.9952531127 0.7026892864
79 0.7551772177 0.6514062826 0.0733295635 40.9895411320 -0.6554762728 0.7516886294 0.0729044595 -5.1191816306 -0.0076305761 -0.1031215759 0.9946394899 0.7101377660
80 0.7258754538 0.6838915474 0.0734654819 41.5825440132 -0.6878070452 0.7224993916 0.0701148888 -5.5823136118 -0.0051277862 -0.1014247528 0.9948299982 0.7103406448
81 0.6976741087 0.7127783981 0.0720957226 42.0984703332 -0.7164114745 0.6944562438 0.0669710731 -6.0672300992 -0.0023317905 -0.0983741867 0.9951467641 0.7049988144
82 0.6689902230 0.7401410971 0.0681413091 42.6074240684 -0.7432666332 0.6658473495 0.0648229825 -6.5778324332 0.0026064434 -0.0940131030 0.9955675481 0.6986083614
83 0.6400768033 0.7655641854 0.0649088898 43.0897518922 -0.7682888204 0.6371292239 0.0616331121 -7.1311736482 0.0058287527 -0.0893186998 0.9959860418 0.6994815764
84 0.6095452331 0.7905196478 0.0594415278 43.5736065681 -0.7926687129 0.6066837814 0.0600924364 -7.6972012700 0.0114420408 -0.0837464976 0.9964213987 0.6973563430
85 0.5796789481 0.8130952055 0.0533713780 44.0093057637 -0.8146424562 0.5768302391 0.0602041843 -8.2820727283 0.0181655089 -0.0783776887 0.9967582215 0.6911533843
86 0.5489709792 0.8344952508 0.0474187763 44.4807073660 -0.8355038558 0.5462533326 0.0595029698 -8.9003209187 0.0237522812 -0.0722839741 0.9971012267 0.6824345223
87 0.5218575370 0.8518414141 0.0450656903 44.8594454861 -0.8525966778 0.5191735875 0.0594784924 -9.5107073719 0.0272693270 -0.0694621574 0.9972118092 0.6978316155
88 0.4958087641 0.8674131292 0.0420491717 45.2296550393 -0.8679620583 0.4933671520 0.0568394114 -10.1510456444 0.0285575717 -0.0646785640 0.9974974428 0.7158416277
89 0.4700354786 0.8816681054 0.0415692303 45.6715432923 -0.8821256414 0.4676170009 0.0564685151 -10.8377315501 0.0303480099 -0.0632114894 0.9975386238 0.7307635718
90 0.4511452397 0.8914316990 0.0426321322 45.9844740241 -0.8918831791 0.4486406271 0.0571487743 -11.5424000614 0.0318177225 -0.0638052791 0.9974550210 0.7483319953
91 0.4303578380 0.9015616452 0.0444829307 46.3878530658 -0.9020797802 0.4277952762 0.0569497300 -12.2975477951 0.0323141047 -0.0646359151 0.9973855810 0.7747381146
92 0.4120083842 0.9099226050 0.0478533624 46.7512601770 -0.9106289520 0.4093646574 0.0563514772 -13.0625099914 0.0316860077 -0.0667939384 0.9972635393 0.8025536888
93 0.3949676742 0.9172847998 0.0508835179 47.0813113676 -0.9182070876 0.3923470255 0.0544018005 -13.7986804616 0.0299379478 -0.0682085595 0.9972217966 0.8268827547
94 0.3794768487 0.9236162912 0.0541319497 47.3967124882 -0.9247941747 0.3769247231 0.0518023884 -14.5474428433 0.0274418597 -0.0697187189 0.9971891719 0.8502805533
95 0.3652022580 0.9291197919 0.0579976128 47.7108335785 -0.9306001742 0.3627106543 0.0492371506 -15.3259961311 0.0247108591 -0.0719541072 0.9971017901 0.8761851612
96 0.3523799133 0.9337026466 0.0634646717 48.0162200411 -0.9356168971 0.3499423359 0.0464906807 -16.1163976752 0.0211994962 -0.0757610013 0.9969006230 0.9028220856
97 0.3418862661 0.9373109486 0.0675423328 48.3219520769 -0.9395362428 0.3394261241 0.0454043460 -16.9256921393 0.0196323585 -0.0789815919 0.9966827372 0.9215042460
98 0.3346753492 0.9393910085 0.0744106430 48.6064959864 -0.9421976939 0.3322417052 0.0433469127 -17.7275562528 0.0159973812 -0.0846166794 0.9962851506 0.9387944221
99 0.3301856606 0.9406224397 0.0787835991 48.8867157239 -0.9438439293 0.3279769894 0.0398714368 -18.5732200020 0.0116647605 -0.0875243985 0.9960940784 0.9555232685
100 0.3263343183 0.9417744401 0.0810358982 49.1856910774 -0.9452217657 0.3244091296 0.0362564514 -19.4539745185 0.0078566141 -0.0884286192 0.9960515313 0.9657310052
101 0.3230299854 0.9430348926 0.0796041454 49.4572832176 -0.9463532651 0.3211449740 0.0357966944 -20.2797141382 0.0081930607 -0.0868970486 0.9961836059 0.9750328327
102 0.3187097047 0.9444812070 0.0798709827 49.7510117333 -0.9478124382 0.3167892657 0.0360019883 -21.1312413730 0.0087009315 -0.0871768939 0.9961548489 0.9658381186
103 0.3140870368 0.9460498633 0.0796177708 50.0563431675 -0.9493834619 0.3125783753 0.0310773462 -21.9943594141 0.0045139257 -0.0853487865 0.9963409101 0.9875381110
104 0.3088736080 0.9480913251 0.0756302422 50.3411619333 -0.9510900523 0.3074748925 0.0297809135 -22.8270530673 0.0049806252 -0.0811297093 0.9966911074 0.9728824316
105 0.3050394667 0.9495118585 0.0733359014 50.6083456138 -0.9523078302 0.3034934242 0.0316470827 -23.6854949706 0.0077923165 -0.0794919624 0.9968050500 0.9753332709
106 0.3012395950 0.9508642626 0.0714972770 50.8715962485 -0.9534730464 0.2994247251 0.0351281055 -24.5249924695 0.0119940076 -0.0787527028 0.9968220280 0.9709222533
107 0.2971600396 0.9521500764 0.0714572798 51.1323287958 -0.9547757340 0.2955299179 0.0326399352 -25.3690772207 0.0099603528 -0.0779249613 0.9969094702 0.9732352730
108 0.2929157455 0.9534340677 0.0718598956 51.3961782763 -0.9561141658 0.2915464364 0.0290925664 -26.2289512438 0.0067873475 -0.0772279350 0.9969903600 0.9811235840
109 0.2884832337 0.9545923179 0.0743702261 51.6554401656 -0.9574626351 0.2870747507 0.0292128370 -27.0902024822 0.0065365357 -0.0796341264 0.9968027285 0.9915767945
110 0.2842972927 0.9558554566 0.0742657090 51.9206040565 -0.9586654371 0.2824812017 0.0341313687 -27.9572565998 0.0116459883 -0.0808994242 0.9966542300 0.9873870396
111 0.2804055672 0.9570742988 0.0733587383 52.1702695653 -0.9597500101 0.2782816400 0.0379374086 -28.8328595267 0.0158945288 -0.0810439104 0.9965837890 0.9909829375
112 0.2755398998 0.9582535662 0.0763404644 52.4238343748 -0.9611966703 0.2735386603 0.0357430030 -29.6845077840 0.0133687918 -0.0832268238 0.9964409522 1.0085637754
113 0.2705302653 0.9594050745 0.0797200017 52.6760003049 -0.9626569878 0.2687049110 0.0330029478 -30.5539188990 0.0102420397 -0.0856713130 0.9962708099 1.0221135951
114 0.2663121288 0.9605121956 0.0805864263 52.9008321706 -0.9638447072 0.2645863940 0.0315819632 -31.3897484608 0.0090127889 -0.0860834604 0.9962471618 1.0324922437
115 0.2618451078 0.9616023239 0.0822077260 53.1300406910 -0.9650684084 0.2600923027 0.0315430033 -32.2261921588 0.0089502286 -0.0875954604 0.9961159213 1.0352508158
116 0.2582213071 0.9624528798 0.0837031105 53.3474841559 -0.9660332230 0.2563324450 0.0327641531 -33.0541030925 0.0100781306 -0.0893203881 0.9959519564 1.0395401093
117 0.2540457258 0.9633328489 0.0863168083 53.5590495702 -0.9671507993 0.2521953560 0.0318878322 -33.8743498557 0.0089498981 -0.0915823377 0.9957572871 1.0381195199
118 0.2497655923 0.9641352977 0.0897790434 53.7644628373 -0.9682816268 0.2480210828 0.0302693518 -34.6809542955 0.0069166550 -0.0944916408 0.9955016272 1.0361738351
119 0.2460644128 0.9649197978 0.0915537473 53.9499658059 -0.9692465316 0.2446048491 0.0270116429 -35.4649199914 0.0036695785 -0.0953847561 0.9954337158 1.0437281055
120 0.2409790217 0.9663137117 0.0903710223 54.1773076030 -0.9705190654 0.2394807468 0.0272344541 -36.2923550021 0.0046749065 -0.0942697323 0.9955357165 1.0380046063
121 0.2367236653 0.9672890116 0.0911804491 54.3589361988 -0.9715386525 0.2348355626 0.0310629243 -37.0723670378 0.0086344133 -0.0959386600 0.9953497980 1.0332950709
122 0.2305810378 0.9686426568 0.0925407391 54.5381561680 -0.9730015038 0.2285441162 0.0321816808 -37.8200641425 0.0100229074 -0.0974627637 0.9951887012 1.0269205901
123 0.2235084361 0.9701082088 0.0945200631 54.7061621928 -0.9746649332 0.2216009293 0.0303528602 -38.5457295981 0.0084998250 -0.0989095114 0.9950601296 1.0255276837
124 0.2162711955 0.9718295485 0.0936701587 54.8642791701 -0.9763262763 0.2149073147 0.0245325974 -39.2636788728 0.0037111009 -0.0967583315 0.9953009861 1.0324237529
125 0.2084659862 0.9735006044 0.0940133285 55.0112394368 -0.9780270699 0.2072806918 0.0223106540 -39.9625336600 0.0022322874 -0.0965985928 0.9953209175 1.0302705326
126 0.2002790805 0.9750971695 0.0952564956 55.1517292777 -0.9797118109 0.1986018585 0.0268713480 -40.6585206647 0.0072840583 -0.0987056828 0.9950900113 1.0277215240
127 0.1919868743 0.9765765975 0.0971554909 55.2864567108 -0.9813127135 0.1897260542 0.0320839928 -41.3211493763 0.0128995486 -0.1014996240 0.9947519429 1.0163478247
128 0.1825912718 0.9784725138 0.0961871466 55.4111316164 -0.9830619302 0.1801196429 0.0338549206 -41.9562436556 0.0158009148 -0.1007395350 0.9947873527 1.0036068110
129 0.1723438649 0.9804173323 0.0952861316 55.5118960799 -0.9849102541 0.1699627702 0.0326258810 -42.5802775980 0.0157918844 -0.0994711586 0.9949151245 1.0068680401
130 0.1616659153 0.9825591862 0.0918780581 55.6228168769 -0.9867673065 0.1597786076 0.0275876647 -43.1887138269 0.0124263652 -0.0951222490 0.9953880365 1.0147569143
131 0.1512575158 0.9842754473 0.0912305200 55.7236113878 -0.9884440406 0.1496727411 0.0240093541 -43.7728793022 0.0099770958 -0.0938078591 0.9955403272 1.0245289396
132 0.1408156679 0.9852530418 0.0971976920 55.7987451309 -0.9899985056 0.1392776120 0.0224656549 -44.2922207258 0.0085968924 -0.0993890861 0.9950115090 1.0301255116
133 0.1310243442 0.9860078854 0.1030585811 55.8569710350 -0.9913272286 0.1292437068 0.0237989491 -44.7748908732 0.0101462785 -0.1052830193 0.9943905364 1.0240253530
134 0.1218838490 0.9866553325 0.1079610219 55.9053331890 -0.9924671995 0.1197948961 0.0256523061 -45.2247242340 0.0123768052 -0.1102743749 0.9938241177 1.0250509244
135 0.1128281311 0.9877573807 0.1077272935 55.9519756724 -0.9935320399 0.1107567847 0.0250403736 -45.6469445255 0.0128022852 -0.1098557763 0.9938650864 1.0235519809
136 0.1037402656 0.9892619989 0.1029497684 55.9999873073 -0.9945443692 0.1020393686 0.0216671416 -46.0491222890 0.0109295505 -0.1046358675 0.9944505418 1.0259923181
137 0.0963226506 0.9902527554 0.1006053051 56.0371910977 -0.9952952354 0.0947622273 0.0201869911 -46.4273146961 0.0104566408 -0.1020764454 0.9947215982 1.0297809228
138 0.0901895142 0.9906142039 0.1027100313 56.0653946389 -0.9958627269 0.0885532744 0.0203898684 -46.7456368202 0.0111031838 -0.1041240442 0.9945023392 1.0259255515
139 0.0843660625 0.9906212586 0.1074797166 56.0849233371 -0.9963844723 0.0827852011 0.0190943413 -47.0387862670 0.0100175305 -0.1087020351 0.9940239014 1.0272260487
140 0.0791563580 0.9908035704 0.1097385796 56.0998898707 -0.9968292633 0.0777776296 0.0167946478 -47.2959582289 0.0081049905 -0.1107200307 0.9938185870 1.0212167796
141 0.0743124435 0.9911846431 0.1096843836 56.1125556918 -0.9972247892 0.0733629045 0.0126729659 -47.4919998796 0.0045144843 -0.1103217455 0.9938856735 1.0338867954
142 0.0697446486 0.9917822036 0.1072555112 56.1360397817 -0.9975643457 0.0692293398 0.0085249460 -47.6998298980 0.0010296615 -0.1075888433 0.9941949409 1.0382680935
143 0.0661154897 0.9921706996 0.1059530312 56.1604244806 -0.9978106333 0.0659158901 0.0053884611 -47.8830384946 -0.0016377151 -0.1060773219 0.9943565355 1.0413253526
144 0.0626714992 0.9924799784 0.1051464488 56.1987643030 -0.9980294892 0.0626464456 0.0035442116 -48.0391911895 -0.0030694922 -0.1051613777 0.9944504326 1.0384395143
145 0.0609803905 0.9925779100 0.1052163707 56.1544658913 -0.9981330659 0.0610026734 0.0030093984 -48.1208985556 -0.0034314174 -0.1052034530 0.9944447993 1.0247421286
146 0.0592913618 0.9927581744 0.1044784269 56.1528037944 -0.9982310564 0.0594256711 0.0018296402 -48.1757072866 -0.0043923104 -0.1044020924 0.9945254701 1.0280209347
147 0.0571764919 0.9929120789 0.1041943013 56.1575808250 -0.9983440300 0.0575246402 -0.0003368784 -48.2413710266 -0.0063282303 -0.1040024972 0.9945569034 1.0301493191
148 0.0549378651 0.9930663346 0.1039282734 56.1635645146 -0.9984364796 0.0557119523 -0.0045579097 -48.3083434472 -0.0103163537 -0.1035153777 0.9945743509 1.0341015424
149 0.0531388504 0.9931604056 0.1039647597 56.1710379687 -0.9984860956 0.0543257166 -0.0086158767 -48.3649905040 -0.0142049076 -0.1033495292 0.9945436619 1.0317633233
150 0.0514751020 0.9933112458 0.1033589998 56.1720960495 -0.9985412138 0.0528812952 -0.0109093014 -48.4375396691 -0.0163020895 -0.1026466638 0.9945842872 1.0315933374
151 0.0493818346 0.9935103776 0.1024625009 56.1797289519 -0.9986434826 0.0508105251 -0.0113791568 -48.5110311346 -0.0165114838 -0.1017615851 0.9946717804 1.0336075330
152 0.0474039316 0.9936728555 0.1018190725 56.1829656979 -0.9987366375 0.0488519186 -0.0117736512 -48.5918175778 -0.0166732145 -0.1011323208 0.9947332595 1.0336596702
153 0.0456985268 0.9938298514 0.1010636983 56.1840719507 -0.9988138392 0.0471600056 -0.0121181040 -48.6746506219 -0.0168094981 -0.1003900411 0.9948061522 1.0297273951
154 0.0436134023 0.9939429154 0.1008729506 56.1829628055 -0.9989017141 0.0451148002 -0.0126499113 -48.7656796740 -0.0171241527 -0.1002104577 0.9948188918 1.0339829718
155 0.0414166873 0.9941825534 0.0994269002 56.1917941310 -0.9990085996 0.0428314504 -0.0121360920 -48.8508812391 -0.0163240893 -0.0988256917 0.9949708572 1.0283631785
156 0.0394317726 0.9943855206 0.0981965977 56.1907110549 -0.9990853194 0.0408624881 -0.0126008584 -48.9583974711 -0.0165426684 -0.0976099051 0.9950872557 1.0334528581
157 0.0368768797 0.9945648264 0.0973699230 56.1977502042 -0.9991752283 0.0383535259 -0.0133368006 -49.0553122224 -0.0169987926 -0.0967977955 0.9951588958 1.0291911130
158 0.0338763262 0.9946461366 0.0976291832 56.2040460644 -0.9992777536 0.0353919501 -0.0138340541 -49.1574922678 -0.0172152756 -0.0970900240 0.9951267063 1.0264221871
159 0.0307389537 0.9947214048 0.0979001717 56.1988805299 -0.9993745404 0.0322996492 -0.0143965504 -49.2713661414 -0.0174826980 -0.0973964043 0.9950921041 1.0299511145
160 0.0255930373 0.9948944170 0.0976222084 56.2055444369 -0.9995258685 0.0271391953 -0.0145431165 -49.3918042859 -0.0171182536 -0.0972037202 0.9951172806 1.0271723677
161 0.0192527001 0.9951663210 0.0962981159 56.2111182833 -0.9996772126 0.0207575028 -0.0146491155 -49.4975925525 -0.0165772147 -0.0959849971 0.9952447319 1.0254756627
162 0.0115816142 0.9954785342 0.0942780684 56.2113789019 -0.9998149169 0.0129771762 -0.0142029832 -49.6413396190 -0.0153622279 -0.0940961257 0.9954445846 1.0308341739
163 0.0024657945 0.9956633244 0.0929971200 56.2105400283 -0.9999001907 0.0037486040 -0.0136219184 -49.7655702267 -0.0139114539 -0.0929542493 0.9955731912 1.0253448080
164 -0.0080142568 0.9956703137 0.0926088448 56.2114368305 -0.9998786333 -0.0067417653 -0.0140451883 -49.8946202909 -0.0133600299 -0.0927101669 0.9956035027 1.0247980945
165 -0.0199972343 0.9955087624 0.0925333166 56.2131667063 -0.9997138685 -0.0186946102 -0.0149228875 -50.0433903519 -0.0131259909 -0.0928052564 0.9955977565 1.0187725984
166 -0.0335788230 0.9952438860 0.0914443551 56.2073057871 -0.9993440964 -0.0321936275 -0.0165815341 -50.2275468230 -0.0135587449 -0.0919411649 0.9956721261 1.0255733906
167 -0.0501309750 0.9946652935 0.0901545300 56.1955406701 -0.9986559924 -0.0487328751 -0.0176441400 -50.4065737527 -0.0131565242 -0.0909178796 0.9957714823 1.0276322649
168 -0.0702046777 0.9937717356 0.0865392435 56.1895009241 -0.9974701196 -0.0689645908 -0.0172408171 -50.6189856367 -0.0111652932 -0.0875306956 0.9960992488 1.0223800684
169 -0.0930821237 0.9920973184 0.0841345895 56.1764328015 -0.9956233137 -0.0920361851 -0.0162344656 -50.8405713440 -0.0083627431 -0.0852774974 0.9963221432 1.0198115762
170 -0.1180942452 0.9896537974 0.0814807369 56.1544073782 -0.9929931445 -0.1173408003 -0.0139911278 -51.0764876896 -0.0042853578 -0.0825620848 0.9965767095 1.0133183063
171 -0.1453743314 0.9860266219 0.0813498903 56.1249247536 -0.9893760659 -0.1449768830 -0.0108029404 -51.3207542101 0.0011418668 -0.0820561047 0.9966270575 0.9979223481
172 -0.1758220246 0.9813400025 0.0778358217 56.0864627574 -0.9844081364 -0.1756882818 -0.0086167622 -51.6173185143 0.0052188684 -0.0781372328 0.9969289525 0.9990179331
173 -0.2080191836 0.9750312190 0.0777312117 56.0284025389 -0.9780884139 -0.2080385306 -0.0079387851 -51.9328573326 0.0084305238 -0.0776794172 0.9969427438 0.9988716680
174 -0.2421696732 0.9671873765 0.0768272618 55.9628096160 -0.9701785288 -0.2422415545 -0.0085235867 -52.2412486932 0.0103668499 -0.0766003141 0.9970079841 1.0054214473
175 -0.2792363444 0.9575608502 0.0714442584 55.8852184208 -0.9601532847 -0.2793350288 -0.0088097442 -52.5584758919 0.0115210179 -0.0710574402 0.9974056879 1.0139292561
176 -0.3173511146 0.9460122155 0.0659481480 55.7956164353 -0.9482115124 -0.3175431226 -0.0078289915 -52.8893237428 0.0135350594 -0.0650173324 0.9977923374 1.0209150761
177 -0.3566669854 0.9319551196 0.0651791121 55.6788407776 -0.9340939570 -0.3569429942 -0.0077574691 -53.2366965772 0.0160356144 -0.0636502479 0.9978434271 1.0281216570
178 -0.3977892846 0.9149913277 0.0674874455 55.5331476372 -0.9172831387 -0.3981392105 -0.0087642786 -53.6031818009 0.0188501595 -0.0653914320 0.9976816286 1.0371559622
179 -0.4394112719 0.8960157956 0.0638234131 55.3667256357 -0.8980288364 -0.4398752733 -0.0073452707 -53.9789066945 0.0214928628 -0.0605428602 0.9979341757 1.0478249725
180 -0.4822129261 0.8741502652 0.0577235461 55.1846972020 -0.8757524702 -0.4827281298 -0.0055824454 -54.3631526964 0.0229848835 -0.0532434655 0.9983169980 1.0581976376
181 -0.5250722077 0.8491924751 0.0563144464 54.9756611078 -0.8506962132 -0.5256272647 -0.0056507854 -54.7515967116 0.0248018040 -0.0508735567 0.9983970912 1.0665302049
182 -0.5680140587 0.8210902834 0.0563096405 54.7294654009 -0.8225764858 -0.5686213802 -0.0061360391 -55.1415341275 0.0269806235 -0.0498043428 0.9983944979 1.0829394524
183 -0.6107663712 0.7898094159 0.0562630108 54.4573846869 -0.7912394238 -0.6114819373 -0.0054785544 -55.5338548562 0.0300768011 -0.0478636291 0.9984009510 1.1010018089
184 -0.6529581729 0.7552903427 0.0564103064 54.1449485830 -0.7566483070 -0.6538076659 -0.0043445986 -55.9467715766 0.0336000575 -0.0455196040 0.9983982180 1.1213194565
185 -0.6938581185 0.7180133659 0.0549337568 53.7534104600 -0.7191703438 -0.6948312220 -0.0018945958 -56.3957549020 0.0368093443 -0.0408213095 0.9984882037 1.1430206447
186 -0.7333384296 0.6777815149 0.0531692173 53.3871887170 -0.6786954783 -0.7344188759 0.0011672531 -56.7802768083 0.0398396195 -0.0352297158 0.9985848346 1.1649390496
187 -0.7701459798 0.6354807714 0.0551303816 52.9790663205 -0.6362495355 -0.7714700695 0.0045233301 -57.1645453122 0.0454059287 -0.0315930552 0.9984689181 1.1846144241
188 -0.8036488084 0.5922955093 0.0577461895 52.5385804499 -0.5931062878 -0.8051153960 0.0037590703 -57.5245578626 0.0487188268 -0.0312286557 0.9983242194 1.2110969740
189 -0.8339983339 0.5486171138 0.0588730967 52.0606986224 -0.5495342415 -0.8354708760 0.0007300238 -57.8677590073 0.0495872613 -0.0317439439 0.9982652080 1.2450725913
190 -0.8613674208 0.5044645707 0.0596796723 51.5350296077 -0.5053975504 -0.8628863911 -0.0006262044 -58.2192932399 0.0511808793 -0.0307013523 0.9982173834 1.2809745886
191 -0.8854588138 0.4607957826 0.0602489477 50.9935485709 -0.4615699883 -0.8871029894 0.0011967327 -58.5277049041 0.0539984711 -0.0267494485 0.9981826647 1.3155378383
192 -0.9061730683 0.4185891426 0.0602785190 50.3808592545 -0.4192022405 -0.9078888706 0.0026981975 -58.8666592728 0.0558556328 -0.0228238564 0.9981779500 1.3605136519
193 -0.9234426956 0.3787953054 0.0613816300 49.7418558349 -0.3793850150 -0.9252362859 0.0021967567 -59.1594662116 0.0576246326 -0.0212586917 0.9981119525 1.3994248077
194 -0.9374297209 0.3422029286 0.0642080526 49.0461842680 -0.3430695185 -0.9393062752 -0.0026508321 -59.4340585046 0.0594039043 -0.0245127945 0.9979330133 1.4477381568
195 -0.9492819109 0.3076362310 0.0649907917 48.3892472019 -0.3085265222 -0.9512077958 -0.0038877110 -59.6739730903 0.0606237471 -0.0237419166 0.9978782905 1.4904698295
196 -0.9594848965 0.2742169863 0.0647593831 47.7085629021 -0.2749911657 -0.9614414761 -0.0031854239 -59.8963477185 0.0613888596 -0.0208646244 0.9978958239 1.5360940829
197 -0.9682428488 0.2417716427 0.0636573523 46.9899396005 -0.2423058108 -0.9701996775 -0.0006927519 -60.1097605277 0.0615928550 -0.0160952985 0.9979715735 1.5869867449
198 -0.9754705243 0.2108157222 0.0633560370 46.2203064529 -0.2113275422 -0.9774142800 -0.0014125111 -60.3032748559 0.0616273158 -0.0147667385 0.9979899886 1.6464933546
199 -0.9811398489 0.1817382611 0.0658468020 45.4679123944 -0.1822304086 -0.9832547177 -0.0014960925 -60.4597330974 0.0644722816 -0.0134671656 0.9978286227 1.6912411248
200 -0.9856604346 0.1545980389 0.0676236205 44.7099839004 -0.1552118988 -0.9878735499 -0.0038879041 -60.5920164243 0.0662025238 -0.0143281437 0.9977033277 1.7387620593
201 -0.9890144099 0.1306944660 0.0690612303 43.9066920228 -0.1314022750 -0.9913122324 -0.0057879163 -60.7216559861 0.0677047938 -0.0147991354 0.9975956328 1.7882882695
202 -0.9912214736 0.1120911810 0.0701110367 43.1136914865 -0.1129929485 -0.9935548598 -0.0090185411 -60.7914602838 0.0686482624 -0.0168614243 0.9974984253 1.8445628172
203 -0.9928058835 0.0969996302 0.0701965058 42.2933019893 -0.0980866236 -0.9951031067 -0.0121992356 -60.8878634217 0.0686694397 -0.0189968111 0.9974585852 1.8989319467
204 -0.9938591042 0.0854652247 0.0702835431 41.4783686598 -0.0866752912 -0.9961333213 -0.0143457353 -60.9682750267 0.0687857179 -0.0203494862 0.9974238936 1.9587066693
205 -0.9947079963 0.0753417069 0.0698543440 40.6370270046 -0.0765920268 -0.9969436892 -0.0153929193 -61.0438491034 0.0684811187 -0.0206617457 0.9974384335 2.0186060828
206 -0.9954358478 0.0654567688 0.0694469897 39.7743664598 -0.0666801789 -0.9976548601 -0.0154445406 -61.1035428720 0.0682731772 -0.0200047871 0.9974660805 2.0767999964
207 -0.9960759900 0.0552870840 0.0691083237 38.8733873543 -0.0564117802 -0.9983033231 -0.0144286555 -61.1856769625 0.0681933510 -0.0182705608 0.9975048138 2.1395957749
208 -0.9965206372 0.0461293689 0.0694168638 37.9857918740 -0.0472935878 -0.9987650473 -0.0152215893 -61.2188577715 0.0686289751 -0.0184516004 0.9974716047 2.2064385572
209 -0.9968229592 0.0370342692 0.0705156073 37.0787302169 -0.0382726066 -0.9991345249 -0.0162913714 -61.2653210415 0.0698512389 -0.0189384292 0.9973776318 2.2727502848
210 -0.9970483318 0.0281363664 0.0714350674 36.1668579417 -0.0294147417 -0.9994242979 -0.0169069752 -61.3024089835 0.0709182414 -0.0189583154 0.9973019529 2.3335171695
211 -0.9972561142 0.0200849010 0.0712519430 35.2034683028 -0.0214370770 -0.9996033665 -0.0182636619 -61.3355587804 0.0708568584 -0.0197409818 0.9972911306 2.4108802378
212 -0.9973866811 0.0149287711 0.0706890379 34.2789328039 -0.0164676938 -0.9996388203 -0.0212377947 -61.3582660100 0.0703464524 -0.0223463790 0.9972722878 2.4784059251
213 -0.9974208633 0.0126454846 0.0706520569 33.3336064429 -0.0143750407 -0.9996079944 -0.0240253161 -61.3705477733 0.0703205492 -0.0249789777 0.9972116481 2.5515193371
214 -0.9973785652 0.0115790299 0.0714277515 32.3723448537 -0.0134524568 -0.9995765231 -0.0258032159 -61.3862225670 0.0710987273 -0.0266964532 0.9971119648 2.6148202031
215 -0.9973284904 0.0105794549 0.0722769487 31.3870635395 -0.0124996194 -0.9995794535 -0.0261663069 -61.4063307722 0.0719697277 -0.0269998377 0.9970413066 2.6923990469
216 -0.9972803308 0.0089607204 0.0731549545 30.3861598223 -0.0108773871 -0.9996068111 -0.0258438692 -61.4411341352 0.0728946112 -0.0265693172 0.9969856805 2.7570401676
217 -0.9972601237 0.0083866280 0.0734976887 29.3533634983 -0.0103804456 -0.9995872461 -0.0267877552 -61.4388739997 0.0732426934 -0.0274772988 0.9969355576 2.8392855786
218 -0.9971984677 0.0080088428 0.0743711933 28.3146118442 -0.0100581838 -0.9995788079 -0.0272220443 -61.4420049828 0.0741218518 -0.0278938200 0.9968590100 2.9323921222
219 -0.9971263429 0.0072523669 0.0754086165 27.2884408560 -0.0092637324 -0.9996096590 -0.0263574078 -61.4537994310 0.0751880279 -0.0269802309 0.9968043076 3.0062946385
220 -0.9971787320 0.0061233042 0.0748136454 26.2727539518 -0.0081401642 -0.9996107929 -0.0266833360 -61.4713163030 0.0746211373 -0.0272170505 0.9968404677 3.0840332099
221 -0.9971868517 0.0056624450 0.0747416854 25.2488815326 -0.0077082333 -0.9996026980 -0.0271114248 -61.4822251806 0.0745584735 -0.0276112826 0.9968343148 3.1606979280
222 -0.9971339253 0.0063243838 0.0753918901 24.1846183306 -0.0083374559 -0.9996162494 -0.0264166773 -61.4804876323 0.0751958894 -0.0269695417 0.9968040038 3.2427949390
223 -0.9970629258 0.0076241164 0.0762062653 23.1144345458 -0.0095284034 -0.9996505769 -0.0246563119 -61.4620124131 0.0759916546 -0.0253100185 0.9967871746 3.3171664100
224 -0.9969389649 0.0069597657 0.0778733714 22.0076633502 -0.0087428836 -0.9997068053 -0.0225801979 -61.5101683655 0.0776933866 -0.0231919170 0.9967075161 3.4033839395
225 -0.9968581587 0.0081181217 0.0787902759 20.9087092077 -0.0097320813 -0.9997501664 -0.0201219139 -61.4826097298 0.0786072394 -0.0208254874 0.9966881162 3.4889626583
226 -0.9969115748 0.0082247110 0.0781003592 19.7783427495 -0.0096319390 -0.9997976790 -0.0176586192 -61.5184782348 0.0779393210 -0.0183563397 0.9967890986 3.5839668024
227 -0.9971912789 0.0078563032 0.0744837685 18.6809003674 -0.0090793437 -0.9998292297 -0.0160958662 -61.5374893773 0.0743445950 -0.0167269211 0.9970923184 3.6753814792
228 -0.9973589844 0.0082779988 0.0721562949 17.5710013647 -0.0093380626 -0.9998531946 -0.0143662741 -61.5453460038 0.0720267781 -0.0150021325 0.9972898672 3.7626327579
229 -0.9975586345 0.0080577414 0.0693674524 16.4304218022 -0.0091027664 -0.9998495978 -0.0147621635 -61.5514981224 0.0692380698 -0.0153575594 0.9974819472 3.8394018925
230 -0.9977230657 0.0061448312 0.0671634220 15.2707101798 -0.0071307234 -0.9998701791 -0.0144491396 -61.6096167298 0.0670659153 -0.0148951636 0.9976373575 3.9339039338
231 -0.9975510596 0.0066039758 0.0696295271 14.1121902560 -0.0076004311 -0.9998723285 -0.0140556089 -61.5925178795 0.0695278146 -0.0145504020 0.9974738938 4.0114714309
232 -0.9972208144 0.0056648342 0.0742869911 12.9192860164 -0.0068397083 -0.9998553787 -0.0155704859 -61.6046573778 0.0741880435 -0.0160353140 0.9971153408 4.0980743617
233 -0.9970825736 0.0049768341 0.0761680546 11.7150544946 -0.0062454698 -0.9998455682 -0.0164266191 -61.6224454269 0.0760745394 -0.0168544009 0.9969596750 4.1825521712
234 -0.9971000860 0.0050164300 0.0759358544 10.5416192050 -0.0062401496 -0.9998543293 -0.0158864938 -61.6266965445 0.0758450994 -0.0163142754 0.9969861410 4.2724028849
235 -0.9969786219 0.0045982499 0.0775402056 9.3390005559 -0.0058824716 -0.9998491606 -0.0163417437 -61.6328620151 0.0774533662 -0.0167484972 0.9968552873 4.3691598022
236 -0.9968174482 0.0039436678 0.0796204906 8.0958784337 -0.0052509809 -0.9998547138 -0.0162166117 -61.6390654704 0.0795449700 -0.0165830872 0.9966933325 4.4642743226
237 -0.9968940899 0.0040855044 0.0786478369 6.8564842199 -0.0054062094 -0.9998478098 -0.0165870502 -61.6266815861 0.0785681011 -0.0169607190 0.9967644594 4.5661422262
238 -0.9972204745 0.0044610704 0.0743735440 5.6039429301 -0.0057569770 -0.9998351675 -0.0172190307 -61.6427878881 0.0742844696 -0.0175993368 0.9970817825 4.6642251900
239 -0.9974278015 0.0059208107 0.0714333584 4.3439256862 -0.0072065737 -0.9998163923 -0.0177551976 -61.6531632993 0.0713151176 -0.0182243174 0.9972873349 4.7723527986
240 -0.9974428688 0.0053173950 0.0712702520 3.0713441570 -0.0066413553 -0.9998095201 -0.0183525428 -61.7042081240 0.0711590888 -0.0187789440 0.9972881907 4.8573136678
