4391 1.0000000000 0.0000000000 0.0000000000 0.0000000000 0.0000000000 1.0000000000 0.0000000000 0.0000000000 0.0000000000 0.0000000000 1.0000000000 0.0000000000
4392 0.9999599061 -0.0086670510 0.0022512951 1.0433110816 0.0086612030 0.9999591252 0.0025945226 -0.0009217683 -0.0022736899 -0.0025749197 0.9999941000 0.0049700316
4393 0.9998463662 -0.0171079821 0.0038158817 2.0998805725 0.0171028486 0.9998527917 0.0013738969 0.0043241793 -0.0038388246 -0.0013084234 0.9999917757 0.0069545182
4394 0.9996881135 -0.0248640599 0.0023354242 3.1439987744 0.0248611219 0.9996900967 0.0012787419 0.0327971827 -0.0023664952 -0.0012202818 0.9999964553 -0.0014437876
4395 0.9994338113 -0.0334685362 0.0034516523 4.1863523819 0.0334600712 0.9994369739 0.0024817187 0.0581568075 -0.0035327684 -0.0023648210 0.9999909635 -0.0026126696
4396 0.9991142943 -0.0418947317 0.0039317181 5.2291535907 0.0418720110 0.9991067608 0.0056934316 0.0897511105 -0.0041667309 -0.0055237600 0.9999760629 -0.0036596272
4397 0.9987273027 -0.0501177900 0.0056552601 6.2675444626 0.0500733866 0.9987155671 0.0077377018 0.1357288701 -0.0060357928 -0.0074446760 0.9999540719 -0.0054236720
4398 0.9982546625 -0.0588064936 0.0054244874 7.3040712522 0.0587487999 0.9982202356 0.0102440132 0.1833776991 -0.0060172476 -0.0099074518 0.9999328153 -0.0105260480
4399 0.9977637935 -0.0667109800 0.0041300735 8.3377757931 0.0666553731 0.9976991351 0.0123893937 0.2430160539 -0.0049470794 -0.0120863969 0.9999147191 -0.0166553381
4400 0.9973041907 -0.0733265582 0.0027508427 9.3715088165 0.0732831500 0.9972199204 0.0134911156 0.3092514593 -0.0037324522 -0.0132531557 0.9999052068 -0.0225011536
4401 0.9969242108 -0.0783476039 0.0019418593 10.4036485701 0.0783162531 0.9968450731 0.0129021251 0.3834181863 -0.0029465835 -0.0127103618 0.9999148786 -0.0269706844
4402 0.9966027088 -0.0823066416 0.0029423736 11.4301185812 0.0822581274 0.9965135771 0.0139388326 0.4644519581 -0.0040793737 -0.0136494442 0.9998985205 -0.0297360920
4403 0.9962501888 -0.0864800588 0.0026001546 12.4592383248 0.0864305520 0.9961402180 0.0153109686 0.5527434150 -0.0039142120 -0.0150288226 0.9998793994 -0.0385121061
4404 0.9958516351 -0.0909316310 0.0033104792 13.4813330289 0.0908614708 0.9957132086 0.0173031601 0.6396390259 -0.0048696925 -0.0169305852 0.9998448086 -0.0408736737
4405 0.9954472904 -0.0952968242 0.0017909228 14.5021395442 0.0952525326 0.9953061310 0.0171073263 0.7318753120 -0.0034127903 -0.0168588517 0.9998520550 -0.0497883015
4406 0.9950261395 -0.0996024136 0.0015300201 15.5319879610 0.0995605181 0.9948769768 0.0175357969 0.8270927767 -0.0032687895 -0.0172962467 0.9998450654 -0.0537983921
4407 0.9945424609 -0.1043326007 0.0000424325 16.5546131153 0.1043139709 0.9943723966 0.0184968199 0.9297446755 -0.0019720151 -0.0183914465 0.9998289183 -0.0545008541
4408 0.9939589383 -0.1097487153 0.0009211319 17.5609229738 0.1097083207 0.9937614388 0.0200570949 1.0358589936 -0.0031166258 -0.0198348729 0.9997984119 -0.0568955943
4409 0.9930143467 -0.1179936331 0.0000992515 18.5968085163 0.1179614635 0.9927625636 0.0225296557 1.1447902470 -0.0027568891 -0.0223605635 0.9997461702 -0.0534947895
4410 0.9919768042 -0.1264184968 -0.0006192860 19.6393931146 0.1263986136 0.9917068550 0.0232573477 1.2786398331 -0.0023260088 -0.0231490263 0.9997293195 -0.0605588208
4411 0.9908321150 -0.1350957576 -0.0009252892 20.6495353239 0.1350808041 0.9905637910 0.0231636003 1.4076456288 -0.0022127461 -0.0230762278 0.9997312596 -0.0618612295
4412 0.9897716550 -0.1426518474 -0.0015879133 21.6676063597 0.1426517644 0.9895239810 0.0221983137 1.5549944580 -0.0015953522 -0.0221977803 0.9997523260 -0.0635135804
4413 0.9886876665 -0.1499674431 -0.0025424417 22.6789038553 0.1499879042 0.9884738526 0.0205686982 1.7071924799 -0.0005714979 -0.0207173537 0.9997852093 -0.0778271262
4414 0.9875531859 -0.1572786686 -0.0014579139 23.7128703073 0.1572763341 0.9873540195 0.0199046433 1.8580917747 -0.0016910987 -0.0198861892 0.9998008200 -0.0842956524
4415 0.9864608036 -0.1639933910 -0.0011183480 24.7330681758 0.1639854617 0.9862856329 0.0186927448 2.0331039324 -0.0019624760 -0.0186230529 0.9998246499 -0.0693270576
4416 0.9853045784 -0.1708058774 -0.0004898314 25.7428569356 0.1707871416 0.9851451342 0.0179113597 2.1957263656 -0.0025768105 -0.0177318016 0.9998394587 -0.0681205375
4417 0.9842061608 -0.1770254486 -0.0004729075 26.7589862062 0.1770098488 0.9840762329 0.0161703860 2.3663470906 -0.0023971928 -0.0159987028 0.9998691389 -0.0693159485
4418 0.9831011990 -0.1830629135 0.0000469364 27.7727524753 0.1830393875 0.9829789040 0.0157815375 2.5510647799 -0.0029351517 -0.0155062573 0.9998754627 -0.0766844368
4419 0.9819517225 -0.1891272070 0.0013093058 28.8008509018 0.1890892065 0.9818541801 0.0144097530 2.7435266811 -0.0040108237 -0.0139021062 0.9998953169 -0.0846935118
4420 0.9809377674 -0.1942619789 0.0048352899 29.8171897197 0.1941958650 0.9808936917 0.0116418022 2.9602992191 -0.0070044649 -0.0104808901 0.9999205410 -0.0916012093
4421 0.9796811069 -0.2004877108 0.0054412010 30.8214920164 0.2004165537 0.9796439508 0.0114426715 3.1532299552 -0.0076245547 -0.0101196624 0.9999197261 -0.0953519988
4422 0.9786442753 -0.2054705112 0.0061033944 31.8040882388 0.2054186245 0.9786400379 0.0081770961 3.3693461198 -0.0076531782 -0.0067487174 0.9999479405 -0.1070959332
4423 0.9778380799 -0.2092706366 0.0062040410 32.7863665315 0.2092459304 0.9778531398 0.0044020008 3.5829383043 -0.0069878505 -0.0030062736 0.9999710657 -0.1163107901
4424 0.9769296556 -0.2134441045 0.0070754691 33.7726423904 0.2134267851 0.9769540556 0.0031273990 3.7963493077 -0.0075799331 -0.0015451542 0.9999700781 -0.1264599010
4425 0.9759917608 -0.2176763724 0.0075551097 34.7624761836 0.2176497449 0.9760179304 0.0041938111 4.0112053747 -0.0082868161 -0.0024487574 0.9999626654 -0.1367251689
4426 0.9750670107 -0.2217134678 0.0093521575 35.7405663322 0.2216962807 0.9751116046 0.0028491490 4.2258616794 -0.0097510920 -0.0007047727 0.9999522086 -0.1393794847
4427 0.9741217089 -0.2257809843 0.0104806145 36.7131005894 0.2257491384 0.9741766559 0.0041436335 4.4505107548 -0.0111455236 -0.0016704136 0.9999364915 -0.1489686061
4428 0.9732188169 -0.2296948150 0.0092426405 37.7104477045 0.2296326973 0.9732498883 0.0073129546 4.6730566721 -0.0106751466 -0.0049946926 0.9999305447 -0.1716228276
4429 0.9721764260 -0.2341657549 0.0062766243 38.6735704730 0.2341122789 0.9721747982 0.0082220770 4.9085444403 -0.0080273048 -0.0065238746 0.9999464993 -0.1889612411
4430 0.9711878831 -0.2382889373 0.0035324268 39.6058746862 0.2382423284 0.9711509083 0.0103201842 5.1301841738 -0.0058897053 -0.0091812642 0.9999405061 -0.2003739782
4431 0.9700226364 -0.2430041886 0.0022470403 40.5255226395 0.2429426605 0.9699190517 0.0153589338 5.3496038452 -0.0059117324 -0.0143526115 0.9998795197 -0.2106750276
4432 0.9685652038 -0.2487451707 0.0026992468 41.4316969666 0.2486460581 0.9683934013 0.0197321605 5.5719154532 -0.0075222124 -0.0184407270 0.9998016583 -0.2187359676
4433 0.9666551953 -0.2560667514 0.0027481106 42.3557742774 0.2559311475 0.9663997048 0.0238926424 5.8013862910 -0.0087738846 -0.0223926198 0.9997107529 -0.2244813139
4434 0.9644308000 -0.2643353637 0.0002178227 43.2533669362 0.2642279738 0.9640618288 0.0277194521 6.0326073202 -0.0075372260 -0.0266759385 0.9996157184 -0.2326100256
4435 0.9618986782 -0.2733977343 -0.0021474806 44.1294160407 0.2733366390 0.9614472675 0.0301037135 6.2824630011 -0.0061655977 -0.0295437073 0.9995444736 -0.2548520124
4436 0.9585259056 -0.2849913607 -0.0028306435 45.0084448172 0.2849218280 0.9579569866 0.0337337176 6.5213215169 -0.0069021833 -0.0331411544 0.9994268476 -0.2558867067
4437 0.9547624312 -0.2973261695 -0.0050841781 45.8511607366 0.2973135468 0.9541107673 0.0357393156 6.7707219118 -0.0057753647 -0.0356341508 0.9993482138 -0.2656086977
4438 0.9507157407 -0.3099252251 -0.0092701227 46.6824774473 0.3100532965 0.9500119834 0.0366631241 7.0280976111 -0.0025560993 -0.0377304413 0.9992846842 -0.2774398403
4439 0.9463289365 -0.3229957488 -0.0116314283 47.5012451050 0.3232032881 0.9455897238 0.0374126826 7.2928032627 -0.0010855783 -0.0391640200 0.9992322058 -0.2846479821
4440 0.9412715663 -0.3374134710 -0.0126486344 48.3096772407 0.3376481460 0.9404654988 0.0389663341 7.5626415521 -0.0012521618 -0.0409486903 0.9991604660 -0.2944476952
4441 0.9355154478 -0.3530843748 -0.0119277470 49.1214714575 0.3532603073 0.9345091905 0.0435858717 7.8353682731 -0.0042429011 -0.0449888558 0.9989784786 -0.3017777681
4442 0.9294202118 -0.3688537077 -0.0111808807 49.8855711098 0.3689634163 0.9282981470 0.0461361872 8.1251409992 -0.0066383129 -0.0470052408 0.9988725845 -0.3221431672
4443 0.9221359169 -0.3867218547 -0.0105620945 50.7717081767 0.3867710933 0.9209609857 0.0473179064 8.4459589266 -0.0085715915 -0.0477186538 0.9988240375 -0.3004270631
4444 0.9147990064 -0.4037428641 -0.0115964456 51.6252998780 0.4038098795 0.9135594631 0.0484426321 8.8688224065 -0.0089643244 -0.0489980309 0.9987586464 -0.3171997888
4445 0.9056186677 -0.4238230244 -0.0151285365 52.3121753963 0.4240422243 0.9043823049 0.0477581258 9.1288481839 -0.0065590126 -0.0496657885 0.9987443561 -0.3428618971
4446 0.8963136748 -0.4429810876 -0.0197370790 53.0105594249 0.4433957444 0.8949042792 0.0504633027 9.4609924413 -0.0046914922 -0.0539822851 0.9985308722 -0.3229770291
4447 0.8861159592 -0.4627048557 -0.0265089291 53.6735529946 0.4634626839 0.8845499309 0.0526665019 9.7846222608 -0.0009205747 -0.0589545272 0.9982602448 -0.3320274705
4448 0.8747616571 -0.4834851893 -0.0321576576 54.3146147859 0.4845509305 0.8730424985 0.0548378671 10.1170088253 0.0015617052 -0.0635520863 0.9979773010 -0.3388309766
4449 0.8622408491 -0.5052934865 -0.0349171961 54.9139046256 0.5064878501 0.8606182361 0.0529746115 10.4361820429 0.0032826496 -0.0633620095 0.9979852103 -0.3625720634
4450 0.8483809670 -0.5283220923 -0.0335484963 55.4952249617 0.5293857986 0.8465983089 0.0549725357 10.7616769836 -0.0006411048 -0.0643977505 0.9979241047 -0.3637302936
4451 0.8332447194 -0.5519690894 -0.0321459462 56.0592432003 0.5528672388 0.8311056151 0.0600106059 11.1041276612 -0.0064073231 -0.0677759609 0.9976799914 -0.3564389761
4452 0.8163109381 -0.5767407429 -0.0317264513 56.5848987825 0.5774852772 0.8137450343 0.0658010164 11.4379371536 -0.0121328849 -0.0720356480 0.9973282602 -0.3496496663
4453 0.7979844392 -0.6019351017 -0.0299160187 57.0954002538 0.6024613565 0.7953831628 0.0663772423 11.7819987367 -0.0161600946 -0.0709912516 0.9973460250 -0.3743876861
4454 0.7775192861 -0.6283297925 -0.0257959583 57.5583596014 0.6284775159 0.7749647059 0.0666762079 12.1354972078 -0.0219036907 -0.0680542173 0.9974411521 -0.3971890888
4455 0.7514248442 -0.6594203687 -0.0229233686 58.0652819489 0.6592384092 0.7488540436 0.0679878026 12.4809967116 -0.0276662845 -0.0661996890 0.9974227679 -0.3906979388
4456 0.7244559927 -0.6889397588 -0.0229242951 58.4741982778 0.6886941931 0.7219788523 0.0666846709 12.8968877753 -0.0293908648 -0.0640979384 0.9975107174 -0.4343465795
4457 0.6956255745 -0.7179764200 -0.0247975877 58.9088730595 0.7178114036 0.6932347355 0.0645940434 13.3463140712 -0.0291864509 -0.0627332597 0.9976034729 -0.4417500042
4458 0.6632913813 -0.7479659468 -0.0243204843 59.2935132227 0.7478297819 0.6612456780 0.0592011033 13.7193779647 -0.0281985941 -0.0574551640 0.9979497700 -0.4661358260
4459 0.6285664315 -0.7774565458 -0.0215768546 59.6077363466 0.7773594041 0.6271184493 0.0493437672 14.1303830562 -0.0248313912 -0.0477888065 0.9985487629 -0.4989432376
4460 0.5888899062 -0.8080356816 -0.0169415376 59.9407828337 0.8078640915 0.5878900532 0.0417240352 14.5350970013 -0.0237547478 -0.0382573230 0.9989855300 -0.5250556664
4461 0.5491282396 -0.8356352737 -0.0131097616 60.2833169331 0.8354318423 0.5484348394 0.0356772185 15.0375810256 -0.0226232922 -0.0305436804 0.9992773740 -0.5317475688
4462 0.5067038906 -0.8620622646 -0.0099909527 60.5572998643 0.8618413730 0.5062113285 0.0312975819 15.4692400404 -0.0219229309 -0.0244692228 0.9994601754 -0.5499657035
4463 0.4631311406 -0.8862369582 -0.0096747366 60.8046211816 0.8859989914 0.4626720155 0.0306658342 15.9072686003 -0.0227009657 -0.0227741096 0.9994828693 -0.5674076073
4464 0.4182925301 -0.9082546007 -0.0102440014 61.0331094426 0.9078977441 0.4177342683 0.0349251673 16.3549180048 -0.0274416734 -0.0239094423 0.9993374271 -0.5809783351
4465 0.3730753120 -0.9277664056 -0.0080192425 61.2373353011 0.9271225612 0.3724580636 0.0414577788 16.8073302867 -0.0354763028 -0.0229016943 0.9991080744 -0.5948686435
4466 0.3254786214 -0.9455393092 -0.0043682569 61.4231081526 0.9444864572 0.3248902716 0.0489044331 17.2755523530 -0.0448218597 -0.0200431069 0.9987939101 -0.5968227466
4467 0.2754826995 -0.9612943707 -0.0047344543 61.5822740786 0.9599441236 0.2748270133 0.0545654872 17.7332594861 -0.0511523397 -0.0195766592 0.9984989697 -0.6188872191
4468 0.2242265791 -0.9744851506 -0.0100564677 61.7321460062 0.9729379568 0.2232558262 0.0595698597 18.2303498792 -0.0558047787 -0.0231414650 0.9981734816 -0.6345429776
4469 0.1728436504 -0.9847354595 -0.0205218761 61.8529013413 0.9832896007 0.1713059081 0.0616104457 18.7286057101 -0.0571544719 -0.0308279216 0.9978892752 -0.6609121570
4470 0.1220245940 -0.9920429146 -0.0309976463 61.9405010223 0.9908009654 0.1199118663 0.0627263202 19.2193644490 -0.0585102158 -0.0383666516 0.9975492743 -0.6870543077
4471 0.0707586283 -0.9967793812 -0.0377370067 62.0097047940 0.9958282668 0.0684048453 0.0603890733 19.7446160010 -0.0576131890 -0.0418526259 0.9974613166 -0.7187231128
4472 0.0182069352 -0.9989063302 -0.0430656594 62.0690423144 0.9982630384 0.0157476637 0.0567707434 20.2755549982 -0.0560304714 -0.0440244772 0.9974579849 -0.7487405528
4473 -0.0332872153 -0.9984173829 -0.0453286984 62.0908015163 0.9978628475 -0.0357519083 0.0546949604 20.7936559629 -0.0562289866 -0.0434111810 0.9974736941 -0.7772527056
4474 -0.0808854212 -0.9956427067 -0.0464020390 62.0498138395 0.9951170117 -0.0833095519 0.0529306291 21.3094114153 -0.0565657279 -0.0418941421 0.9975195233 -0.8270053071
4475 -0.1284883260 -0.9906843797 -0.0451133003 62.0017767623 0.9898826543 -0.1308797137 0.0547980947 21.8649721673 -0.0601920322 -0.0376159580 0.9974777987 -0.8519279501
4476 -0.1747951524 -0.9834034653 -0.0486238541 61.9268567979 0.9826138451 -0.1773678076 0.0548697745 22.4516112094 -0.0625834327 -0.0381875016 0.9973088933 -0.8859812845
4477 -0.2173516134 -0.9745255622 -0.0553010388 61.8333615320 0.9738705681 -0.2203296634 0.0550541189 23.0810004695 -0.0658361054 -0.0418899525 0.9969507706 -0.9118909214
4478 -0.2571066804 -0.9646354124 -0.0580919622 61.6965363975 0.9641341469 -0.2601431110 0.0526394212 23.6703442127 -0.0658900735 -0.0424744975 0.9969224720 -0.9432598929
4479 -0.2957126222 -0.9533675992 -0.0603677558 61.5383349756 0.9531347830 -0.2986894666 0.0481527555 24.2569168074 -0.0639384897 -0.0432992301 0.9970140652 -0.9854114452
4480 -0.3323754181 -0.9412971004 -0.0590453246 61.3467330599 0.9410171923 -0.3351793503 0.0462757703 24.8518951920 -0.0633500219 -0.0401817370 0.9971821312 -1.0270882761
4481 -0.3672923636 -0.9281544641 -0.0602130417 61.1239323250 0.9278772218 -0.3701223261 0.0453136283 25.4490951607 -0.0643442374 -0.0392269601 0.9971564896 -1.0611843243
4482 -0.4018013618 -0.9135882653 -0.0625471590 60.8712033899 0.9134171527 -0.4047000803 0.0434390392 26.0550678120 -0.0649982367 -0.0396777827 0.9970962355 -1.1030317437
4483 -0.4355145878 -0.8976777625 -0.0670945502 60.6095295439 0.8977458109 -0.4386074470 0.0409385691 26.6669802777 -0.0661778124 -0.0424045073 0.9969063922 -1.1553134034
4484 -0.4667001969 -0.8816032861 -0.0704739112 60.3052674160 0.8818597893 -0.4699252963 0.0386461898 27.2871634474 -0.0671880814 -0.0441119240 0.9967647164 -1.1980829956
4485 -0.4966073310 -0.8648464722 -0.0736324539 59.9682838125 0.8651945828 -0.5000170109 0.0377004333 27.9206223231 -0.0694225662 -0.0449840886 0.9965725960 -1.2379276434
4486 -0.5237413644 -0.8485062106 -0.0757112537 59.6082360492 0.8491746763 -0.5270876555 0.0328781463 28.5424367379 -0.0678037784 -0.0470724342 0.9965875945 -1.2855749225
4487 -0.5470079704 -0.8335874900 -0.0769036852 59.1983573786 0.8343450576 -0.5503682244 0.0310345361 29.2153800605 -0.0681953457 -0.0471880710 0.9965554078 -1.3501793390
4488 -0.5650293613 -0.8214985722 -0.0766936549 58.7692571367 0.8222808398 -0.5683184617 0.0294677205 29.8539101166 -0.0677941103 -0.0464135956 0.9966191533 -1.4023750266
4489 -0.5778582083 -0.8121347752 -0.0807279262 58.2944277725 0.8131700235 -0.5813607052 0.0278252275 30.4910856568 -0.0695298789 -0.0495664935 0.9963477097 -1.4527644009
4490 -0.5887430115 -0.8040776035 -0.0827095761 57.8520571218 0.8052299423 -0.5923526773 0.0268895106 31.1581766119 -0.0706144920 -0.0507692157 0.9962108613 -1.5144763309
4491 -0.5934121832 -0.8005781952 -0.0832858591 57.3782882695 0.8018917670 -0.5969576595 0.0247213827 31.7903026007 -0.0695095313 -0.0521162750 0.9962190115 -1.5691523480
4492 -0.5942162437 -0.7999381468 -0.0837019534 56.8439919980 0.8014922312 -0.5976190177 0.0214875099 32.4585550997 -0.0672105580 -0.0543182379 0.9962591379 -1.6232947250
4493 -0.5931276949 -0.8009163987 -0.0820515690 56.3348561689 0.8027673836 -0.5960899311 0.0155345381 33.1185734643 -0.0613519803 -0.0566543585 0.9965070086 -1.7194103125
4494 -0.5924056498 -0.8007203259 -0.0888960390 55.8143545465 0.8035178418 -0.5952407491 0.0068940915 33.8056657828 -0.0584347839 -0.0673454546 0.9960170509 -1.7540194956
4495 -0.5909787934 -0.8013953264 -0.0922474745 55.3515173888 0.8045681556 -0.5938428551 0.0045548223 34.5810865322 -0.0584307169 -0.0715275770 0.9957256937 -1.7780196052
4496 -0.5885929766 -0.8027812242 -0.0953971382 54.8484717786 0.8064222682 -0.5913397529 0.0006495739 35.2675044596 -0.0569335858 -0.0765480419 0.9954390810 -1.8269549215
4497 -0.5871820723 -0.8035602526 -0.0975096632 54.3392922395 0.8075019729 -0.5898625706 -0.0016466628 35.9789866311 -0.0561941077 -0.0797061362 0.9952332159 -1.8740779332
4498 -0.5868094536 -0.8036844404 -0.0987217578 53.8190978671 0.8078787115 -0.5893324183 -0.0043918430 36.7074378983 -0.0546502763 -0.0823323814 0.9951053845 -1.9234284972
4499 -0.5874166109 -0.8032898398 -0.0983217099 53.3000337905 0.8076462638 -0.5896117524 -0.0080928303 37.4494299680 -0.0514707472 -0.0841630246 0.9951217752 -1.9787421414
4500 -0.5871257133 -0.8035677869 -0.0977865466 52.7433696729 0.8079436602 -0.5891856195 -0.0093460043 38.2074528150 -0.0501042790 -0.0844932997 0.9951635260 -2.0364123943
4501 -0.5861078996 -0.8043331925 -0.0975994133 52.1709418435 0.8086785872 -0.5881818435 -0.0090034170 38.9569084047 -0.0501644556 -0.0842035294 0.9951850547 -2.0830113227
4502 -0.5859512070 -0.8044056626 -0.0979423961 51.6252408939 0.8087901784 -0.5880254203 -0.0091952351 39.7311361656 -0.0501959194 -0.0846028071 0.9951496042 -2.1231946981
4503 -0.5851649103 -0.8051039565 -0.0969001913 51.0517354637 0.8094292897 -0.5871366083 -0.0097379726 40.5052976525 -0.0490535693 -0.0841321728 0.9952464644 -2.1755805076
4504 -0.5845592013 -0.8056879552 -0.0956946134 50.4767630404 0.8100112371 -0.5862958734 -0.0117874800 41.2741013219 -0.0466083262 -0.0844041920 0.9953409447 -2.2507785708
4505 -0.5832153268 -0.8065539011 -0.0965954825 49.8966265555 0.8109718857 -0.5849598181 -0.0121083303 42.0918812377 -0.0467384548 -0.0853979843 0.9952500696 -2.2838418327
4506 -0.5813954030 -0.8078653819 -0.0966069883 49.3755657597 0.8122383559 -0.5832209967 -0.0110508879 42.8358282947 -0.0474155941 -0.0848928368 0.9952612560 -2.3078700957
4507 -0.5799000906 -0.8083940268 -0.1010691963 48.8410738638 0.8132852527 -0.5817057145 -0.0136220210 43.5960397296 -0.0477805685 -0.0900974980 0.9947861369 -2.3237574831
4508 -0.5785616631 -0.8095102269 -0.0997977687 48.2956653344 0.8142929988 -0.5802926857 -0.0136861565 44.3689821556 -0.0468328315 -0.0891829097 0.9949136116 -2.3895976047
4509 -0.5774349159 -0.8102668474 -0.1001826036 47.8360463491 0.8151955524 -0.5789635335 -0.0160448831 44.9959623177 -0.0450014372 -0.0909332885 0.9948396894 -2.4520898642
4510 -0.5752061910 -0.8116606386 -0.1017096142 47.3091111281 0.8167600556 -0.5767382612 -0.0166129339 45.7391903747 -0.0451757614 -0.0926282125 0.9946754068 -2.4978891058
4511 -0.5736496485 -0.8125723560 -0.1032097240 46.7884685150 0.8178855183 -0.5750944591 -0.0181560456 46.4917428699 -0.0446022395 -0.0948289477 0.9944938969 -2.5484954449
4512 -0.5712375465 -0.8141726238 -0.1039740549 46.2651121779 0.8194480439 -0.5729396304 -0.0156551352 47.2374103969 -0.0468248741 -0.0941441369 0.9944567928 -2.5920202432
4513 -0.5690971675 -0.8156774389 -0.1039169365 45.7440004696 0.8209591269 -0.5707680492 -0.0158096766 47.9975339568 -0.0464168705 -0.0943087996 0.9944603182 -2.6422789259
4514 -0.5664616088 -0.8171571786 -0.1066554792 45.2093471167 0.8226895684 -0.5682810784 -0.0154431233 48.7396186227 -0.0479908315 -0.0964922866 0.9941761005 -2.6888212022
4515 -0.5651357368 -0.8179806362 -0.1073744744 44.7019236790 0.8236300099 -0.5668915387 -0.0163581804 49.5024085544 -0.0474890061 -0.0976814317 0.9940840670 -2.7365195021
4516 -0.5642002888 -0.8186477486 -0.1072095975 44.1756730953 0.8243308601 -0.5658416336 -0.0173746560 50.3146096487 -0.0464399307 -0.0981789656 0.9940846159 -2.7784082399
4517 -0.5632710252 -0.8190695364 -0.1088615945 43.6677139190 0.8249650401 -0.5648855772 -0.0183566669 51.0780953762 -0.0464589578 -0.1001467882 0.9938874112 -2.8309944738
4518 -0.5610273160 -0.8209458245 -0.1062840716 43.1369773254 0.8265615972 -0.5625660753 -0.0177577299 51.7881113529 -0.0452136787 -0.0978129034 0.9941772272 -2.9043553084
4519 -0.5586995828 -0.8227170553 -0.1048399887 42.5430373615 0.8282338734 -0.5600731374 -0.0186207300 52.5885954053 -0.0433984692 -0.0972354240 0.9943147616 -2.9139424391
4520 -0.5581056742 -0.8231119791 -0.1049034149 42.0378497987 0.8286602996 -0.5594230869 -0.0191811764 53.3847269874 -0.0428971361 -0.0976344186 0.9942974183 -2.9674859458
4521 -0.5566951513 -0.8242515567 -0.1034402235 41.4448540754 0.8296259580 -0.5580164767 -0.0183951519 54.2471263653 -0.0425591164 -0.0960571863 0.9944655542 -2.9950457991
4522 -0.5558254480 -0.8251225239 -0.1011478720 40.9587749827 0.8302966084 -0.5570039441 -0.0188188253 55.0233343079 -0.0408119270 -0.0944427170 0.9946933999 -3.0577225940
4523 -0.5528654668 -0.8273358961 -0.0992728097 40.3960125238 0.8321850204 -0.5542919436 -0.0151173101 55.7918642378 -0.0425190252 -0.0909711838 0.9949454137 -3.1436217957
4524 -0.5515153542 -0.8281444256 -0.1000381151 39.9400619244 0.8330288768 -0.5530457095 -0.0142595113 56.5463564420 -0.0435167155 -0.0911989780 0.9948814210 -3.2027660089
4525 -0.5482644483 -0.8305376002 -0.0980478940 39.4782259873 0.8350679256 -0.5500525437 -0.0101862035 57.1981310359 -0.0454714684 -0.0874613847 0.9951295653 -3.2151400179
4526 -0.5456530155 -0.8324515477 -0.0963701580 38.9894034425 0.8367795036 -0.5474689893 -0.0088186209 57.9386408228 -0.0454185983 -0.0854524800 0.9953064978 -3.2612887047
4527 -0.5435425311 -0.8338887090 -0.0958704229 38.4940785923 0.8382665506 -0.5451535412 -0.0108077124 58.6990602606 -0.0432516711 -0.0862394200 0.9953351473 -3.3067978798
4528 -0.5422385597 -0.8347624732 -0.0956501844 37.9935624207 0.8391286539 -0.5438233495 -0.0109209248 59.4652814398 -0.0429004254 -0.0861845569 0.9953551003 -3.3470056778
4529 -0.5407508550 -0.8358224030 -0.0948125710 37.4937895821 0.8400870888 -0.5423561823 -0.0101712670 60.2293023587 -0.0429208112 -0.0851509380 0.9954431786 -3.3928063288
4530 -0.5397557967 -0.8362331483 -0.0968390498 37.0008430992 0.8406664861 -0.5414611507 -0.0099840532 60.9981295664 -0.0440855870 -0.0867982942 0.9952499772 -3.4385986476
4531 -0.5392416151 -0.8365073586 -0.0973340623 36.5065398600 0.8409343365 -0.5410646652 -0.0088583151 61.7537705983 -0.0452539760 -0.0866283272 0.9952123445 -3.4853949686
4532 -0.5394911575 -0.8363779597 -0.0970628639 36.0094968226 0.8407582285 -0.5413461753 -0.0083617997 62.5112230206 -0.0455509851 -0.0861175185 0.9952431265 -3.5324236718
4533 -0.5410748715 -0.8353532975 -0.0970713752 35.5384746377 0.8397387486 -0.5429235470 -0.0085355763 63.2667299952 -0.0455721134 -0.0861329809 0.9952408211 -3.5723042663
4534 -0.5406891639 -0.8357111507 -0.0961358444 34.9837001311 0.8399602838 -0.5425988101 -0.0072974606 64.0290702524 -0.0460646255 -0.0846959490 0.9953414723 -3.6340357056
4535 -0.5403373517 -0.8363995907 -0.0920395078 34.5301782403 0.8400911465 -0.5424391673 -0.0025720231 64.7707074635 -0.0477745948 -0.0787113357 0.9957520343 -3.6699542161
4536 -0.5408490583 -0.8359113178 -0.0934588950 34.0430134187 0.8396009727 -0.5432035721 -0.0002929802 65.6258287818 -0.0505223001 -0.0786266372 0.9956230959 -3.7131714168
4537 -0.5379280887 -0.8378622542 -0.0928451101 33.5022223341 0.8413917697 -0.5404217521 0.0020541838 66.4214483704 -0.0518966401 -0.0770141083 0.9956784450 -3.7602005532
4538 -0.5349821573 -0.8403198962 -0.0875017917 32.9307113072 0.8434562874 -0.5371938483 0.0020641254 67.2511132699 -0.0487399498 -0.0726996661 0.9961622237 -3.8303732546
4539 -0.5316062921 -0.8427087654 -0.0850687190 32.4066561103 0.8459193389 -0.5333007890 -0.0032772747 68.0117755125 -0.0426054267 -0.0737034944 0.9963696967 -3.8618455839
4540 -0.5286687131 -0.8450172678 -0.0803443148 31.9915519245 0.8479893109 -0.5299822319 -0.0057412913 68.6662041164 -0.0377295689 -0.0711663612 0.9967506351 -3.9172099444
4541 -0.5261312167 -0.8466620118 -0.0796830011 31.4807296750 0.8494314117 -0.5276964457 -0.0016546538 69.5202167405 -0.0406475039 -0.0685558091 0.9968188810 -3.9472551474
4542 -0.5230082370 -0.8485690466 -0.0799559710 31.0088769608 0.8510630882 -0.5250374738 0.0052221643 70.2909902606 -0.0464112479 -0.0653163406 0.9967847168 -3.9525226605
4543 -0.5203571842 -0.8503557613 -0.0782526689 30.5420024972 0.8526296764 -0.5224587057 0.0077159396 71.0470714279 -0.0474450817 -0.0627055031 0.9969036985 -3.9926738082
4544 -0.5176233711 -0.8521898789 -0.0764097905 30.0745337601 0.8544269154 -0.5195350107 0.0061659325 71.8074866303 -0.0449521065 -0.0620949508 0.9970574333 -4.0425609822
4545 -0.5148949803 -0.8539577539 -0.0750953651 29.6091689461 0.8561234676 -0.5167355511 0.0060809961 72.5732422900 -0.0439973585 -0.0611598299 0.9971578148 -4.0940891480
4546 -0.5108301668 -0.8565576591 -0.0732223824 29.1312777676 0.8584657483 -0.5127824249 0.0095259420 73.3403931711 -0.0457066693 -0.0579927687 0.9972701435 -4.1343072728
4547 -0.5076177304 -0.8585195695 -0.0725836663 28.6524079607 0.8602731654 -0.5096870942 0.0122125684 74.1339112825 -0.0474796868 -0.0562424640 0.9972875536 -4.1835702890
4548 -0.5037349263 -0.8606495186 -0.0743877018 28.1599891217 0.8625031828 -0.5058979069 0.0124726654 74.9353444536 -0.0483671761 -0.0578767123 0.9971513939 -4.2273336764
4549 -0.5002287298 -0.8626409139 -0.0749791418 27.6754634034 0.8646421048 -0.5022830557 0.0102840925 75.7318152295 -0.0465322313 -0.0596857244 0.9971320704 -4.2671851991
4550 -0.4955497613 -0.8653173699 -0.0752082677 27.2069533289 0.8673515056 -0.4975933634 0.0101099132 76.4953022240 -0.0461714183 -0.0602220391 0.9971165961 -4.3153491880
4551 -0.4916977784 -0.8675377013 -0.0749108241 26.7631922136 0.8694921291 -0.4938098350 0.0116311772 77.2935491095 -0.0470821864 -0.0594153479 0.9971224018 -4.3674748434
4552 -0.4871941834 -0.8697371954 -0.0787339736 26.3337930452 0.8718765407 -0.4895568302 0.0128610963 78.0538882575 -0.0497305283 -0.0623804532 0.9968126974 -4.3955073352
4553 -0.4853353027 -0.8706391736 -0.0802313739 25.9941582462 0.8729139714 -0.4877228869 0.0121484229 78.8310072819 -0.0497075700 -0.0641390286 0.9967022336 -4.4340415708
4554 -0.4812538195 -0.8730867645 -0.0781937519 25.5503777414 0.8752513451 -0.4835199530 0.0119807339 79.6286146794 -0.0482684593 -0.0626734126 0.9968661892 -4.4838893455
4555 -0.4772331948 -0.8756836225 -0.0736659433 25.1047762463 0.8774984147 -0.4793815049 0.0137805998 80.4489100590 -0.0473815362 -0.0580651887 0.9971877576 -4.5295573376
4556 -0.4723652228 -0.8784231913 -0.0724140402 24.6540644611 0.8800361394 -0.4746118833 0.0167318131 81.2654069426 -0.0490661766 -0.0558234457 0.9972343021 -4.5820987001
4557 -0.4674167502 -0.8811060645 -0.0719283303 24.2128974685 0.8824278311 -0.4699260840 0.0221494571 82.0749396275 -0.0533170195 -0.0531185331 0.9971638365 -4.6283682066
4558 -0.4625447748 -0.8838871230 -0.0692523303 23.7810465395 0.8848783870 -0.4650978855 0.0259653031 82.8886195899 -0.0551595094 -0.0492697750 0.9972612084 -4.6814082876
4559 -0.4578971782 -0.8866929456 -0.0640764737 23.3408702914 0.8874141953 -0.4601990675 0.0266995170 83.7180538235 -0.0531622067 -0.0446367388 0.9975877612 -4.7295781742
4560 -0.4536480446 -0.8891797216 -0.0596898175 22.9057778366 0.8899641401 -0.4555101961 0.0217782133 84.5579628270 -0.0465540661 -0.0432421531 0.9979793761 -4.7870090275
4561 -0.4495260284 -0.8912977509 -0.0592846437 22.4496309505 0.8922551940 -0.4511850897 0.0176828601 85.4143448702 -0.0425090407 -0.0449481253 0.9980844892 -4.8428279468
4562 -0.4452306955 -0.8937147914 -0.0551679199 21.9930049267 0.8945273562 -0.4466879467 0.0170495500 86.2716635475 -0.0398802798 -0.0417582305 0.9983315148 -4.8958160769
4563 -0.4425454137 -0.8949789797 -0.0562688435 21.6371978379 0.8958553149 -0.4440307262 0.0167322692 87.1160531286 -0.0399601246 -0.0430039535 0.9982754372 -4.9087761290
4564 -0.4395890805 -0.8963905030 -0.0569693477 21.2248554052 0.8973883080 -0.4410022007 0.0145355956 87.9587346569 -0.0381531775 -0.0447339374 0.9982701087 -4.9517100208
4565 -0.4360681066 -0.8980884965 -0.0572857651 20.8083375414 0.8991534051 -0.4374321145 0.0132777692 88.8165802180 -0.0369832451 -0.0457186790 0.9982695237 -4.9929337964
4566 -0.4329190995 -0.8996192331 -0.0571514551 20.3841539558 0.9007246336 -0.4342212939 0.0121244532 89.6746373533 -0.0357237700 -0.0462288160 0.9982918956 -5.0258440110
4567 -0.4299039071 -0.9007188793 -0.0623548813 19.9752397416 0.9022050514 -0.4312186890 0.0087457098 90.5421959116 -0.0347660160 -0.0524970741 0.9980157220 -5.0663279753
4568 -0.4274369742 -0.9016799207 -0.0653525341 19.5529019024 0.9034003366 -0.4287444150 0.0067866341 91.4213789134 -0.0341389056 -0.0561386429 0.9978391593 -5.0952268664
4569 -0.4245383635 -0.9029242641 -0.0670443977 19.1509662771 0.9047888396 -0.4258247438 0.0055175396 92.2830317839 -0.0335310838 -0.0583186155 0.9977347370 -5.1442150063
4570 -0.4213033006 -0.9040171833 -0.0725014568 18.7220865836 0.9061312275 -0.4229227561 0.0079082807 93.1747729394 -0.0378117375 -0.0623640492 0.9973369530 -5.1772265939
4571 -0.4180606155 -0.9054828989 -0.0729797340 18.3152983966 0.9075958704 -0.4197511635 0.0088711233 94.0332659008 -0.0386659786 -0.0625274379 0.9972939695 -5.1995608230
4572 -0.4150609615 -0.9071172419 -0.0697331178 17.9180215685 0.9090076213 -0.4166677578 0.0096500773 94.9098224450 -0.0378092932 -0.0593825651 0.9975190065 -5.2398111001
4573 -0.4120433424 -0.9085317428 -0.0692124000 17.4906288680 0.9104928751 -0.4134656012 0.0069943496 95.8445813530 -0.0349715351 -0.0601354218 0.9975774270 -5.3167612189
4574 -0.4094114450 -0.9096681028 -0.0699014417 17.0892590110 0.9116316693 -0.4109261263 0.0082108573 96.7880438894 -0.0361934835 -0.0603627490 0.9975201102 -5.3252026599
4575 -0.4035092845 -0.9124300439 -0.0682031690 16.6489933874 0.9143177474 -0.4049234336 0.0077504645 97.6080635793 -0.0346888179 -0.0592319834 0.9976413474 -5.3950019728
4576 -0.4013562517 -0.9132108908 -0.0704203674 16.2804284757 0.9153202848 -0.4026918339 0.0052974706 98.5034621577 -0.0331954146 -0.0623310178 0.9975033377 -5.4531538830
4577 -0.3981167190 -0.9144551445 -0.0726282781 15.8550590074 0.9166932662 -0.3995498616 0.0057761396 99.4918900173 -0.0343006390 -0.0642782757 0.9973423532 -5.4646848406
4578 -0.3956767243 -0.9154977754 -0.0728268703 15.4545740890 0.9177906895 -0.3970373523 0.0046466261 100.3741069069 -0.0331689636 -0.0650012617 0.9973337735 -5.5734107333
4579 -0.3937810643 -0.9162140216 -0.0740833322 15.0797922678 0.9185737425 -0.3952154736 0.0051970187 101.2360304943 -0.0340404605 -0.0660045161 0.9972385125 -5.6076598465
4580 -0.3934588111 -0.9164469788 -0.0729047260 14.7099126236 0.9188240447 -0.3946608304 0.0022811886 102.1068034598 -0.0308632280 -0.0660890614 0.9973363009 -5.6469963663
4581 -0.3926785505 -0.9168408197 -0.0721558552 14.3285183012 0.9192395523 -0.3936986626 -0.0000921670 102.9930342474 -0.0283231612 -0.0663647080 0.9973933648 -5.6815683350
4582 -0.3914993780 -0.9174035748 -0.0714067089 13.9427514281 0.9197571489 -0.3924878922 -0.0002038512 103.8640970057 -0.0278392547 -0.0657566386 0.9974472620 -5.7169168208
4583 -0.3907854416 -0.9174983121 -0.0740512395 13.5581395856 0.9199614793 -0.3920032026 0.0020894162 104.7381920890 -0.0309453588 -0.0673077744 0.9972522491 -5.7469162645
4584 -0.3925995423 -0.9164908470 -0.0768773492 13.1948279313 0.9191136589 -0.3939805351 0.0030692079 105.6292300552 -0.0331010800 -0.0694540521 0.9970358334 -5.7813067742
4585 -0.3938305906 -0.9157274203 -0.0796288740 12.8104981597 0.9185555878 -0.3952825436 0.0027097502 106.4819828400 -0.0339572963 -0.0720763646 0.9968208965 -5.8114766211
4586 -0.3962031573 -0.9147204363 -0.0794328751 12.4402507944 0.9175585805 -0.3975961504 0.0018848310 107.3268148428 -0.0333062987 -0.0721375401 0.9968384351 -5.8468953010
4587 -0.3989083568 -0.9136775334 -0.0778812420 12.0573438915 0.9164007101 -0.4002576649 0.0018815146 108.1762941548 -0.0328916616 -0.0706198735 0.9969608679 -5.8892997615
4588 -0.4021980820 -0.9124783518 -0.0749663950 11.6844983176 0.9149744309 -0.4035040501 0.0025044481 108.9940671048 -0.0325344986 -0.0675850503 0.9971829157 -5.9605374218
4589 -0.4055353388 -0.9112490368 -0.0718768526 11.2954334651 0.9134301120 -0.4069556818 0.0057011837 109.8228893475 -0.0344458916 -0.0633424500 0.9973972201 -5.9959218973
4590 -0.4098679028 -0.9093373101 -0.0715119486 10.9633893411 0.9115335609 -0.4112023522 0.0043809746 110.6570548919 -0.0333896650 -0.0633899203 0.9974301220 -6.0058812580
4591 -0.4133193383 -0.9080797539 -0.0675150736 10.6428897760 0.9100360745 -0.4145094634 0.0040308547 111.4687372782 -0.0316459744 -0.0597751223 0.9977101117 -6.0749009918
4592 -0.4136428492 -0.9083616856 -0.0614706559 10.2103831964 0.9099755527 -0.4146433316 0.0039243982 112.2183187013 -0.0290531704 -0.0543134948 0.9981011760 -6.2020231560
4593 -0.4174382835 -0.9065091504 -0.0631382587 9.9331481757 0.9081279238 -0.4186412739 0.0065694536 112.9963740363 -0.0323875508 -0.0545952742 0.9979831675 -6.1531446693
4594 -0.4170096572 -0.9068334769 -0.0612861411 9.4451539201 0.9082034680 -0.4183839853 0.0110137007 113.8575856340 -0.0356287324 -0.0510674663 0.9980594708 -6.2202614217
4595 -0.4176869493 -0.9063401358 -0.0639153398 9.1022802915 0.9078405603 -0.4191665663 0.0111761693 114.6062902733 -0.0369205843 -0.0533567978 0.9978927410 -6.2532483008
4596 -0.4170591189 -0.9066931440 -0.0630018578 8.7572107237 0.9080805603 -0.4185958388 0.0129313472 115.3610769296 -0.0380970793 -0.0518176260 0.9979296299 -6.2890406203
4597 -0.4151899475 -0.9077360241 -0.0602712049 8.4114555576 0.9088870412 -0.4167511215 0.0155836142 116.1234240877 -0.0392639002 -0.0483095571 0.9980603854 -6.3238690002
4598 -0.4119517848 -0.9089289662 -0.0643728314 8.0767156054 0.9102471617 -0.4137297139 0.0166681863 116.8791087244 -0.0417831504 -0.0517286979 0.9977867057 -6.3564318956
4599 -0.4072450650 -0.9108683292 -0.0668606299 7.7405532429 0.9123108503 -0.4091426368 0.0170650276 117.6353581699 -0.0428995275 -0.0540480298 0.9976163797 -6.3935015714
4600 -0.4004191526 -0.9139669058 -0.0657951166 7.4046440521 0.9154712912 -0.4021219932 0.0144988772 118.3851966308 -0.0397091573 -0.0544279122 0.9977278112 -6.4266345364
4601 -0.3927855536 -0.9172764216 -0.0657531398 7.0784884421 0.9190005960 -0.3941571458 0.0088345359 119.1487157402 -0.0340207813 -0.0569570965 0.9977968108 -6.4664267987
4602 -0.3830849118 -0.9215011470 -0.0638872952 6.7262856909 0.9233193152 -0.3840240281 0.0026434672 119.9066708188 -0.0269702145 -0.0579757012 0.9979536190 -6.5187127156
4603 -0.3721225052 -0.9257937881 -0.0665635268 6.3706952697 0.9278071881 -0.3730560730 0.0017285732 120.6665505492 -0.0264322301 -0.0611148776 0.9977806918 -6.5372390217
4604 -0.3619849532 -0.9294403371 -0.0714671495 6.0753962293 0.9317522524 -0.3630853555 0.0026009138 121.4296335173 -0.0283660696 -0.0656481858 0.9974395630 -6.5329178308
4605 -0.3515579830 -0.9337683172 -0.0669605441 5.7668174343 0.9356453156 -0.3528479562 0.0081340794 122.1746846419 -0.0312222367 -0.0597917188 0.9977224676 -6.5979885635
4606 -0.3419734600 -0.9371025865 -0.0699492324 5.5635673090 0.9389712275 -0.3437070436 0.0140890772 122.8316453473 -0.0372449545 -0.0608622260 0.9974510528 -6.6148553852
4607 -0.3321634463 -0.9404584714 -0.0721478245 5.2645290960 0.9423360870 -0.3341934420 0.0178169118 123.6411214997 -0.0408673954 -0.0620693718 0.9972348014 -6.6507639541
4608 -0.3224452255 -0.9438496057 -0.0719513618 5.0001061239 0.9457357389 -0.3244478834 0.0178180542 124.4078462933 -0.0401620304 -0.0623016278 0.9972489752 -6.6660413777
4609 -0.3127173343 -0.9469735829 -0.0738166791 4.6878741230 0.9491601079 -0.3144997011 0.0136024819 125.2193051996 -0.0360965145 -0.0658101152 0.9971790563 -6.6807034531
4610 -0.3034781503 -0.9500884411 -0.0723392461 4.4316785537 0.9523685018 -0.3048370683 0.0082824168 126.0031261013 -0.0299207121 -0.0663800868 0.9973456949 -6.7188543985
4611 -0.2943767616 -0.9529534801 -0.0722633171 4.1829196856 0.9553064826 -0.2955567847 0.0059758935 126.7958476259 -0.0270526621 -0.0672744511 0.9973676863 -6.7492149864
4612 -0.2857945436 -0.9554202285 -0.0741192676 3.9316838246 0.9578740282 -0.2870956447 0.0073100524 127.6076090932 -0.0282634908 -0.0689077483 0.9972225917 -6.7757812182
4613 -0.2787509572 -0.9569020735 -0.0814636467 3.6893936777 0.9598823355 -0.2802917668 0.0079011084 128.4268174774 -0.0303941764 -0.0759930739 0.9966449954 -6.7990354094
4614 -0.2737578203 -0.9579315429 -0.0861615632 3.4445269591 0.9611732846 -0.2757098229 0.0114022162 129.2621736113 -0.0346781318 -0.0796947468 0.9962159277 -6.8182001680
4615 -0.2692280610 -0.9591321416 -0.0870734528 3.1768768878 0.9624840517 -0.2711311658 0.0105991060 130.1058481970 -0.0337742699 -0.0809532329 0.9961455078 -6.8515991241
4616 -0.2687099563 -0.9590815413 -0.0892051380 2.9770787610 0.9627761797 -0.2702461900 0.0053874398 130.9887457650 -0.0292743426 -0.0844369232 0.9959987042 -6.8738961609
4617 -0.2676816456 -0.9591568094 -0.0914590166 2.7167522074 0.9631815577 -0.2688513517 0.0004874363 131.8965545774 -0.0250564080 -0.0879611602 0.9958087219 -6.9052436773
4618 -0.2672559850 -0.9600937382 -0.0824272554 2.4999266970 0.9634102098 -0.2680252875 -0.0017924208 132.7226797711 -0.0203716968 -0.0798902946 0.9965954720 -6.9562265459
4619 -0.2651854568 -0.9608454172 -0.0803290591 2.2007750163 0.9639682675 -0.2660170064 -0.0003628052 133.6586903835 -0.0210202961 -0.0775308746 0.9967683335 -6.9895894626
4620 -0.2630200969 -0.9618513651 -0.0752487883 1.8938590212 0.9645477853 -0.2639018082 0.0018453798 134.5520716032 -0.0216332723 -0.0720956801 0.9971630832 -7.0668416127
4621 -0.2638935944 -0.9618571390 -0.0720486998 1.6754415627 0.9642682604 -0.2648900325 0.0044713043 135.4457325491 -0.0233857383 -0.0682943258 0.9973910930 -7.0497536942
4622 -0.2672645888 -0.9610137459 -0.0708676223 1.4986262951 0.9633525346 -0.2682088972 0.0039851486 136.3773570552 -0.0228371093 -0.0672054144 0.9974777685 -7.0318479323
4623 -0.2692828895 -0.9607125832 -0.0672165005 1.2267291405 0.9628241055 -0.2701084639 0.0033405917 137.3290832011 -0.0213650941 -0.0638181028 0.9977328212 -7.0677075067
4624 -0.2689709145 -0.9609881690 -0.0644700418 0.9045182472 0.9629422894 -0.2696946469 0.0026352828 138.3050505528 -0.0199197007 -0.0613721151 0.9979161633 -7.0938772759
4625 -0.2710314521 -0.9604273048 -0.0641976961 0.6540819675 0.9624111611 -0.2715966686 0.0000804076 139.2054179267 -0.0175131060 -0.0617627862 0.9979371971 -7.1147360849
4626 -0.2731113548 -0.9599085577 -0.0631327866 0.4035318662 0.9619218149 -0.2732420991 -0.0067214014 140.1103320370 -0.0107986043 -0.0625644957 0.9979825019 -7.1395236162
