0 1.0000000000 0.0000000000 0.0000000000 0.0000000000 0.0000000000 1.0000000000 0.0000000000 0.0000000000 0.0000000000 0.0000000000 1.0000000000 0.0000000000
1 0.9999892792 -0.0040000051 0.0023326709 1.1482678934 0.0040042241 0.9999903508 -0.0018067801 -0.0026329504 -0.0023254212 0.0018161013 0.9999956471 0.0041011300
2 0.9999757620 -0.0060463833 0.0034520592 2.3417142811 0.0060601683 0.9999736494 -0.0039968636 0.0086756180 -0.0034278017 0.0040176868 0.9999860541 0.0085050833
3 0.9999660494 -0.0074043539 0.0036160132 3.5173350163 0.0074212973 0.9999614402 -0.0046949427 0.0196606991 -0.0035811107 0.0047216189 0.9999824408 0.0080412334
4 0.9999537576 -0.0093974539 0.0020421753 4.6999935365 0.0094077408 0.9999428048 -0.0050873884 0.0258254357 -0.0019942500 0.0051063654 0.9999849739 0.0057965176
5 0.9999437366 -0.0105610804 0.0009936096 5.9296292131 0.0105662183 0.9999300441 -0.0053161928 0.0465405029 -0.0009373954 0.0053263924 0.9999853753 -0.0017059731
6 0.9999220883 -0.0124395698 0.0010365072 7.1370937183 0.0124463953 0.9998989975 -0.0068616287 0.0652993010 -0.0009510468 0.0068739949 0.9999759216 -0.0016505235
7 0.9999102896 -0.0133002289 0.0015863780 8.3970515862 0.0133117949 0.9998831320 -0.0075178732 0.0849147671 -0.0014862032 0.0075383163 0.9999704821 -0.0071271949
8 0.9999187664 -0.0126561717 0.0015106236 9.6160363514 0.0126688117 0.9998821268 -0.0086737365 0.1031261425 -0.0014006693 0.0086921697 0.9999612414 -0.0098081147
9 0.9999411480 -0.0106813964 0.0018995359 10.8570039846 0.0107006674 0.9998882228 -0.0104421091 0.1148262420 -0.0017877872 0.0104618209 0.9999436755 -0.0066338823
10 0.9999706622 -0.0074094388 0.0019429145 12.1469046967 0.0074273946 0.9999282029 -0.0094033389 0.1299267331 -0.0018731016 0.0094174938 0.9999539001 -0.0123528218
11 0.9999904808 -0.0039365734 0.0018819195 13.4021466880 0.0039512895 0.9999611374 -0.0078810532 0.1448873226 -0.0018508220 0.0078884142 0.9999671732 -0.0142475644
12 0.9999977127 -0.0005608315 0.0020639693 14.7039154225 0.0005760474 0.9999726091 -0.0073789739 0.1545492875 -0.0020597744 0.0073801460 0.9999706450 -0.0097003780
13 0.9999961835 0.0016297326 0.0022309145 15.9663778324 -0.0016189094 0.9999869538 -0.0048447310 0.1474174577 -0.0022387810 0.0048411008 0.9999857757 -0.0116822388
14 0.9999856494 0.0044468651 0.0029877012 17.2747564849 -0.0044407570 0.9999880427 -0.0020479710 0.1533416321 -0.0029967726 0.0020346739 0.9999934397 -0.0097991866
15 0.9999773374 0.0055456629 0.0038171111 18.6579194884 -0.0055507367 0.9999837234 0.0013199278 0.1594518945 -0.0038097291 -0.0013410856 0.9999918437 -0.0077566101
16 0.9999845326 0.0045790165 0.0031570750 19.9536509037 -0.0045970719 0.9999729841 0.0057356789 0.1491634222 -0.0031307259 -0.0057501035 0.9999785672 -0.0105778831
17 0.9999952489 0.0022086464 0.0021503668 21.2739886567 -0.0022283628 0.9999551037 0.0092100504 0.1298914532 -0.0021299285 -0.0092147984 0.9999552744 -0.0077327860
18 0.9999973893 0.0004879586 0.0022323268 22.6487509505 -0.0005087137 0.9999565649 0.0093064217 0.1478751802 -0.0022276887 -0.0093075330 0.9999542026 -0.0177673747
19 0.9999929187 -0.0028883770 0.0024124476 23.9734346888 0.0028660115 0.9999533558 0.0092234543 0.1464844410 -0.0024389759 -0.0092164749 0.9999545530 -0.0156554808
20 0.9999714587 -0.0064619692 0.0039146912 25.3133225243 0.0064234368 0.9999315735 0.0097769007 0.1398378650 -0.0039776014 -0.0097514759 0.9999445422 -0.0130156313
21 0.9999366828 -0.0105931725 0.0037967175 26.6890017728 0.0105585667 0.9999035584 0.0090216698 0.1552427327 -0.0038919194 -0.0089810107 0.9999520961 -0.0215266549
22 0.9998767366 -0.0151526994 0.0041118551 28.0370760550 0.0151120505 0.9998383363 0.0097430594 0.1752828144 -0.0042588240 -0.0096797199 0.9999440812 -0.0224458550
23 0.9997934757 -0.0199418357 0.0039152324 29.4139957160 0.0198990246 0.9997448993 0.0106848079 0.1830665756 -0.0041273083 -0.0106046919 0.9999352508 -0.0236422435
24 0.9997036934 -0.0240927731 0.0034732930 30.8036167460 0.0240500263 0.9996403529 0.0118642780 0.2124484117 -0.0037578872 -0.0117772297 0.9999235847 -0.0305716822
25 0.9995697304 -0.0292629381 0.0020086154 32.1810225849 0.0292330357 0.9994803847 0.0135790347 0.2357026200 -0.0024049341 -0.0135144741 0.9999057832 -0.0386003848
26 0.9994082896 -0.0343744435 0.0012117289 33.5990321605 0.0343529314 0.9993014677 0.0147123342 0.2698969963 -0.0017166108 -0.0146620024 0.9998910335 -0.0355731905
27 0.9992352778 -0.0391001959 0.0001854001 35.0181197797 0.0390927518 0.9991177884 0.0153428046 0.3306637143 -0.0007851432 -0.0153238238 0.9998822751 -0.0337170539
28 0.9989762719 -0.0452298349 0.0008186223 36.4183516936 0.0452112479 0.9988521304 0.0158229155 0.3884165527 -0.0015333505 -0.0157697062 0.9998744747 -0.0288233067
29 0.9986624840 -0.0516866605 0.0013161414 37.8418786216 0.0516613538 0.9985532911 0.0149140631 0.4489765777 -0.0020850955 -0.0148261216 0.9998879130 -0.0305043075
30 0.9983226488 -0.0578740067 0.0015774362 39.3443071795 0.0578444424 0.9982159559 0.0147961417 0.5211775880 -0.0024309340 -0.0146800774 0.9998892868 -0.0263347497
31 0.9979147239 -0.0645431053 0.0006255444 40.7779163648 0.0645274387 0.9978120507 0.0143986483 0.6024370543 -0.0015535092 -0.0143282584 0.9998961384 -0.0241805251
32 0.9974754579 -0.0710112127 -0.0003443807 42.2424420917 0.0710087087 0.9973697975 0.0145344523 0.6943857937 -0.0006886342 -0.0145222135 0.9998943100 -0.0210125744
33 0.9970665949 -0.0765098022 -0.0021108225 43.7260254982 0.0765318019 0.9969706952 0.0138678104 0.8195693357 0.0010434048 -0.0139886756 0.9999016093 -0.0309720125
34 0.9966328195 -0.0819830828 -0.0013405754 45.1772285550 0.0819939224 0.9965261322 0.0145830249 0.9326990690 0.0001403571 -0.0146438403 0.9998927634 -0.0286610072
35 0.9962192336 -0.0868687335 0.0010304349 46.6763058927 0.0868458527 0.9961231231 0.0140186132 1.0524901637 -0.0022442192 -0.0138761231 0.9999012035 -0.0192752275
36 0.9957740284 -0.0917733231 0.0034265776 48.1732640540 0.0917203821 0.9956960332 0.0132958994 1.1859106654 -0.0046320385 -0.0129254243 0.9999057344 -0.0077368153
37 0.9953953011 -0.0958024823 0.0031747412 49.6552937711 0.0957566164 0.9953281200 0.0123532964 1.3223340956 -0.0043433856 -0.0119924107 0.9999186552 -0.0102708114
38 0.9949557481 -0.1002701733 0.0029919410 51.1596103480 0.1002279725 0.9948929745 0.0119299139 1.4510802599 -0.0041728756 -0.0115698602 0.9999243599 -0.0084108380
39 0.9946147347 -0.1036055681 0.0027232040 52.6991911879 0.1035676477 0.9945550211 0.0115780948 1.6267186155 -0.0039079313 -0.0112337079 0.9999292634 -0.0005925923
40 0.9941908278 -0.1076158087 0.0018535525 54.2057693444 0.1075850810 0.9941193800 0.0123332362 1.7868907552 -0.0031699036 -0.0120621757 0.9999222248 -0.0046119657
41 0.9937125922 -0.1119237389 0.0028914867 55.7289153250 0.1118785679 0.9936403677 0.0127281463 1.9417145424 -0.0042976796 -0.0123246238 0.9999148132 -0.0060272138
42 0.9932720958 -0.1157750410 0.0025852622 57.2597513448 0.1157264465 0.9931767377 0.0143999066 2.1240225683 -0.0042347720 -0.0140038422 0.9998929738 -0.0062831139
43 0.9927660657 -0.1200559757 0.0014496687 58.8227177472 0.1200241585 0.9926721230 0.0140091980 2.3060058813 -0.0031209336 -0.0137338611 0.9999008155 -0.0041063224
44 0.9923713108 -0.1232838481 0.0005236930 60.3754340379 0.1232649447 0.9922777859 0.0138039511 2.4983543014 -0.0022214531 -0.0136340921 0.9999045838 -0.0001631733
45 0.9919053252 -0.1269795516 0.0001387444 61.9576598982 0.1269635055 0.9917962076 0.0148509533 2.6898657554 -0.0020233735 -0.0147131242 0.9998897089 -0.0001820745
46 0.9914739734 -0.1303007639 0.0010348683 63.5225699240 0.1302708815 0.9913654652 0.0149670276 2.8961607487 -0.0029761478 -0.0147046051 0.9998874522 0.0046064436
47 0.9909349052 -0.1343294834 0.0018983074 65.1348438554 0.1342848176 0.9908230706 0.0154022878 3.1103225983 -0.0039498682 -0.0150077507 0.9998795757 0.0090230913
48 0.9904227097 -0.1380346725 0.0030471816 66.7274303917 0.1379814830 0.9903413780 0.0136038760 3.3343914391 -0.0048955566 -0.0130531331 0.9999028199 0.0134063477
49 0.9898368126 -0.1421624261 0.0035956835 68.3527822643 0.1421142607 0.9897862243 0.0112590861 3.5583779714 -0.0051595770 -0.0106336600 0.9999301496 0.0062106429
50 0.9893388115 -0.1456258531 0.0013516186 69.9673504191 0.1456091572 0.9893050025 0.0085781875 3.8234192399 -0.0025863689 -0.0082899257 0.9999622932 -0.0136322048
51 0.9886958483 -0.1499344852 -0.0004119251 71.5747334829 0.1499331469 0.9886657149 0.0077560096 4.0570944155 -0.0007556371 -0.0077300957 0.9999698369 -0.0111984395
52 0.9881004894 -0.1538035399 -0.0013761884 73.2152794932 0.1538096708 0.9880659594 0.0082610594 4.3116700259 0.0000891847 -0.0083744279 0.9999649299 -0.0116222561
53 0.9873386545 -0.1586265166 0.0000973020 74.8322657265 0.1586201583 0.9873042122 0.0083688689 4.5577380516 -0.0014235912 -0.0082474737 0.9999649757 -0.0142730329
54 0.9867724918 -0.1621110512 -0.0002378698 76.4394616089 0.1621067933 0.9867335991 0.0088426270 4.8353056127 -0.0011987735 -0.0087642214 0.9999608749 -0.0181231770
55 0.9859493148 -0.1670404850 -0.0011937359 78.0817907197 0.1670433196 0.9858861182 0.0111844237 5.0833225865 -0.0006913639 -0.0112266804 0.9999367398 -0.0131739822
56 0.9849802080 -0.1726553667 -0.0020283338 79.6969339217 0.1726671232 0.9848954862 0.0129207490 5.3508612575 -0.0002331399 -0.0130769086 0.9999144664 -0.0177391715
57 0.9839766348 -0.1782894890 -0.0016853227 81.3715812674 0.1782951703 0.9838722289 0.0143620812 5.6503274340 -0.0009024659 -0.0144324372 0.9998954397 -0.0125754040
58 0.9828587588 -0.1843600319 -0.0001972282 83.0120700354 0.1843439322 0.9827576197 0.0143099826 5.9335482880 -0.0024443613 -0.0141010496 0.9998975875 -0.0075465253
59 0.9817963024 -0.1899247703 0.0021452974 84.6499314451 0.1898784565 0.9817118060 0.0137150186 6.2519096066 -0.0047108856 -0.0130580088 0.9999036433 -0.0077048930
60 0.9806128321 -0.1959176315 0.0038412428 86.2914549389 0.1958632505 0.9805646561 0.0114255106 6.5547438603 -0.0060050459 -0.0104516440 0.9999273486 -0.0123486353
61 0.9794605061 -0.2016245496 0.0021582169 87.9372175463 0.2015916172 0.9794131497 0.0105215059 6.8922335280 -0.0042351799 -0.0098703210 0.9999423183 -0.0181491739
62 0.9781187950 -0.2080273255 -0.0028730952 89.5692465048 0.2080471644 0.9780245285 0.0135793602 7.2312727133 -0.0000149204 -0.0138799667 0.9999036685 -0.0226834253
63 0.9766296050 -0.2148383224 -0.0062537836 91.2218250822 0.2149194921 0.9764497537 0.0188544527 7.5782036806 0.0020558464 -0.0197578766 0.9998026804 -0.0264105608
64 0.9750702601 -0.2218457207 -0.0047396298 92.8631337260 0.2218959602 0.9748063429 0.0226886908 7.9292669905 -0.0004131678 -0.0231747723 0.9997313435 -0.0187769367
65 0.9736361989 -0.2281046893 -0.0008960566 94.5040760135 0.2280686445 0.9733958092 0.0220293440 8.2989028922 -0.0041527790 -0.0216529291 0.9997569230 -0.0096113942
66 0.9721338396 -0.2344264648 0.0001746581 96.1347660069 0.2343832692 0.9719684865 0.0184863291 8.6786181847 -0.0045034469 -0.0179302492 0.9998290980 -0.0176393045
67 0.9706412335 -0.2405313849 -0.0004987169 97.7892805697 0.2405077483 0.9705122956 0.0161835435 9.0745387162 -0.0034086393 -0.0158283599 0.9998689135 -0.0295285358
68 0.9688958565 -0.2474627276 -0.0017371283 99.4287477937 0.2474565448 0.9687539789 0.0167626646 9.4674471028 -0.0024652847 -0.0166711400 0.9998579876 -0.0363909038
69 0.9674130069 -0.2531887021 -0.0027486700 101.0759387686 0.2531940097 0.9672246937 0.0192141982 9.8997698856 -0.0022062364 -0.0192840120 0.9998116120 -0.0306993112
70 0.9657560475 -0.2594348022 -0.0029732170 102.7174146944 0.2594407991 0.9655458296 0.0202909510 10.3218674298 -0.0023934016 -0.0203674824 0.9997896965 -0.0414190110
71 0.9642792586 -0.2648779870 -0.0022723077 104.3601227103 0.2648651559 0.9640495909 0.0213268728 10.7745057409 -0.0034584019 -0.0211669162 0.9997699741 -0.0455783628
72 0.9627501695 -0.2703909925 -0.0009067813 105.9886441742 0.2703540787 0.9625513674 0.0200882381 11.2026928543 -0.0045588551 -0.0195851067 0.9997977998 -0.0443393273
73 0.9615474929 -0.2746376005 -0.0007792741 107.6300957869 0.2746056057 0.9613836817 0.0182531633 11.6636833040 -0.0042638236 -0.0177652764 0.9998330935 -0.0527273094
74 0.9603985547 -0.2786154392 -0.0028377959 109.2659580580 0.2786239437 0.9602617006 0.0163145465 12.1356023871 -0.0018204579 -0.0164591448 0.9998628818 -0.0616367467
75 0.9593927233 -0.2820448084 -0.0040408495 110.9260240273 0.2820734296 0.9592714650 0.0152589891 12.6131231478 -0.0004274471 -0.0157791793 0.9998754096 -0.0559026571
76 0.9584973925 -0.2850596387 -0.0048735013 112.5547723899 0.2851012693 0.9583645754 0.0159564046 13.0853828132 0.0001220641 -0.0166836136 0.9998608114 -0.0518471907
77 0.9579989995 -0.2867338166 -0.0046513759 114.2247819562 0.2867713369 0.9578529284 0.0167322415 13.6101906660 -0.0003423654 -0.0173633519 0.9998491870 -0.0493638662
78 0.9573118142 -0.2890328104 -0.0037583136 115.8830907201 0.2890529835 0.9571461892 0.0178758313 14.1223431656 -0.0015694463 -0.0181990962 0.9998331509 -0.0428255308
79 0.9563625731 -0.2921605520 -0.0035833910 117.5725131474 0.2921723527 0.9561550039 0.0200729896 14.6180416241 -0.0024382585 -0.0202440237 0.9997920956 -0.0372930210
80 0.9553022308 -0.2955686970 -0.0060657351 119.2297445767 0.2956299983 0.9550465506 0.0221131245 15.1301941311 -0.0007428880 -0.0229179304 0.9997370737 -0.0607430897
81 0.9539321198 -0.2999171341 -0.0079513183 120.9029739087 0.3000222283 0.9536329075 0.0238943582 15.6366614658 0.0004163114 -0.0251791680 0.9996828678 -0.0608210850
82 0.9529880471 -0.3029203225 -0.0072842530 122.5814696726 0.3030072600 0.9526615839 0.0249500911 16.1770342645 -0.0006184617 -0.0259843201 0.9996621592 -0.0505766424
83 0.9517794259 -0.3067061636 -0.0068741323 124.2763907084 0.3067821477 0.9514788799 0.0239302118 16.7090992425 -0.0007989517 -0.0248851444 0.9996899976 -0.0559513114
84 0.9504284179 -0.3108789918 -0.0063304712 125.9579446162 0.3109411672 0.9501466581 0.0231715043 17.2370854310 -0.0011886578 -0.0239912602 0.9997114616 -0.0467278383
85 0.9493718529 -0.3141047873 -0.0055917286 127.6563025476 0.3141509593 0.9491254197 0.0216820789 17.7907682591 -0.0015031930 -0.0223410024 0.9997492786 -0.0498091252
86 0.9483595062 -0.3171729846 -0.0039426896 129.3436767077 0.3171823342 0.9481194359 0.0215615893 18.3320330442 -0.0031006130 -0.0216986897 0.9997597477 -0.0549856481
87 0.9474424546 -0.3199137308 -0.0028284437 131.0261086350 0.3199019135 0.9472243957 0.0207053144 18.8988776717 -0.0039447435 -0.0205219184 0.9997816211 -0.0576127256
88 0.9466479217 -0.3222459761 -0.0039042559 132.7170815546 0.3222536428 0.9464108420 0.0214268011 19.4850689519 -0.0032096704 -0.0215417974 0.9997627964 -0.0629827278
89 0.9454198514 -0.3258014980 -0.0058896982 134.4099384100 0.3258483588 0.9451339071 0.0233397664 20.0586182500 -0.0020375774 -0.0239850269 0.9997102414 -0.0633024289
90 0.9444889383 -0.3284154295 -0.0091624879 136.1020108722 0.3285430594 0.9441484459 0.0253608022 20.6393373115 0.0003218700 -0.0269632689 0.9996363732 -0.0681537436
91 0.9432257656 -0.3319842761 -0.0105638800 137.8066911715 0.3321513568 0.9428219860 0.0276075890 21.2276223789 0.0007945729 -0.0295489963 0.9995630173 -0.0618133667
92 0.9421592060 -0.3349957943 -0.0106699756 139.5156292166 0.3351651241 0.9417378962 0.0281793250 21.8363489056 0.0006083650 -0.0301256142 0.9995459355 -0.0576367972
93 0.9407777219 -0.3387786625 -0.0128955732 141.2083262649 0.3390148122 0.9403515552 0.0284237537 22.4276171870 0.0024970110 -0.0311122245 0.9995127785 -0.0629974317
94 0.9395056275 -0.3423128127 -0.0122928531 142.9225319103 0.3425271409 0.9391011836 0.0276428057 23.0503489234 0.0020817463 -0.0301812074 0.9995422758 -0.0541090568
95 0.9378081957 -0.3469933237 -0.0105556327 144.6504398286 0.3471526196 0.9374518811 0.0258656012 23.6621264347 0.0009202068 -0.0279213883 0.9996096985 -0.0443647456
96 0.9360800575 -0.3516487680 -0.0098625511 146.3636261020 0.3517859460 0.9357793023 0.0237433289 24.2913253377 0.0008798588 -0.0256951635 0.9996694376 -0.0419480261
97 0.9345149704 -0.3557895951 -0.0097741489 148.0995054410 0.3559222145 0.9342409415 0.0226548086 24.9277046091 0.0010710649 -0.0246500945 0.9996955665 -0.0335844332
98 0.9327074635 -0.3605165912 -0.0091964663 149.8164191341 0.3606338597 0.9324099512 0.0235563640 25.5780294586 0.0000824166 -0.0252877537 0.9996802102 -0.0282759094
99 0.9310658684 -0.3647398430 -0.0090108576 151.5303255238 0.3648503457 0.9307285819 0.0250705434 26.2496772521 -0.0007575633 -0.0266299418 0.9996450732 -0.0273651102
100 0.9289602652 -0.3700726944 -0.0088896797 153.2475927763 0.3701751528 0.9285658628 0.0271255379 26.9230123636 -0.0017837678 -0.0284892854 0.9995925064 -0.0289875192
101 0.9270815933 -0.3747188804 -0.0102703446 154.9840816612 0.3748587032 0.9266714444 0.0275859883 27.6086401166 -0.0008197556 -0.0294243900 0.9995666728 -0.0201114372
102 0.9249076119 -0.3800923284 -0.0087023735 156.7184576679 0.3801840619 0.9244988047 0.0276050557 28.3070201336 -0.0024471360 -0.0288406298 0.9995810270 -0.0144232674
103 0.9230322967 -0.3845923209 -0.0100062963 158.4295945895 0.3847209808 0.9226440882 0.0267890537 29.0113888918 -0.0010706142 -0.0285767939 0.9995910267 -0.0236954464
104 0.9207682582 -0.3899930752 -0.0095507104 160.1636765040 0.3901056558 0.9203664332 0.0272618061 29.7298972455 -0.0018417623 -0.0288275918 0.9995827019 -0.0259179482
105 0.9189006705 -0.3943619020 -0.0100123939 161.8983593141 0.3944864999 0.9185088174 0.0268691988 30.4839497203 -0.0013997163 -0.0286398790 0.9995888145 -0.0234153831
106 0.9167352165 -0.3994097058 -0.0082722226 163.6202172938 0.3994817204 0.9163362630 0.0272434973 31.2212535562 -0.0033011797 -0.0282796751 0.9995945989 -0.0267754963
107 0.9146235835 -0.4042438176 -0.0071159283 165.3601222331 0.4042803558 0.9142229657 0.0274547447 31.9786442528 -0.0045928658 -0.0279875870 0.9995977194 -0.0306452806
108 0.9125292915 -0.4089360814 -0.0078468778 167.0936927226 0.4089939396 0.9121454212 0.0267336491 32.7487451629 -0.0037748601 -0.0276045633 0.9996117939 -0.0330545101
109 0.9106324331 -0.4130922264 -0.0101678036 168.8401606727 0.4132154852 0.9102788498 0.0254042992 33.5352088765 -0.0012387819 -0.0273354727 0.9996255486 -0.0440074862
110 0.9089246560 -0.4168090994 -0.0112314022 170.5875125409 0.4169603782 0.9085875202 0.0247540133 34.3326993700 -0.0001129861 -0.0271825827 0.9996304789 -0.0430406050
111 0.9072714628 -0.4203393092 -0.0131665416 172.3376069795 0.4205421718 0.9069435877 0.0244460716 35.1368191795 0.0016656657 -0.0277163091 0.9996144416 -0.0435845626
112 0.9056075473 -0.4239009753 -0.0135252902 174.0695547725 0.4241140245 0.9052543831 0.0253336978 35.9378295323 0.0015048490 -0.0286786531 0.9995875501 -0.0338123742
113 0.9036686385 -0.4280475551 -0.0125810331 175.8247834031 0.4282323533 0.9032927450 0.0260627775 36.7543826354 0.0002082477 -0.0289397200 0.9995811369 -0.0243592593
114 0.9018788182 -0.4318890721 -0.0092965926 177.5521772220 0.4319778655 0.9014911442 0.0266240631 37.5716325535 -0.0031178460 -0.0280276008 0.9996022872 -0.0296464665
115 0.9000297479 -0.4357477586 -0.0083871153 179.3053859436 0.4358101767 0.8996490078 0.0264792876 38.4221851358 -0.0039928303 -0.0274873367 0.9996141774 -0.0322403765
116 0.8981265360 -0.4396280108 -0.0097947667 181.0699140206 0.4397265913 0.8977281771 0.0269192299 39.2901616015 -0.0030414094 -0.0284838941 0.9995896246 -0.0358097748
117 0.8957672424 -0.4444415060 -0.0085320147 182.8218810722 0.4444978775 0.8953451715 0.0279044944 40.1415179232 -0.0047628173 -0.0287883944 0.9995741813 -0.0395080997
118 0.8935467896 -0.4488855649 -0.0087111648 184.5737793261 0.4489529826 0.8931752180 0.0260624140 41.0204978917 -0.0039184449 -0.0271988897 0.9996223618 -0.0568397604
119 0.8913287116 -0.4532348580 -0.0105494712 186.3492662888 0.4533531951 0.8909759127 0.0251555835 41.9099159988 -0.0020020626 -0.0272045303 0.9996278834 -0.0652776076
120 0.8888684742 -0.4579649782 -0.0134504387 188.1041524741 0.4581621884 0.8885165303 0.0250156847 42.8041661179 0.0004946296 -0.0283981359 0.9995965692 -0.0690807797
121 0.8862870285 -0.4629455251 -0.0132945043 189.8804664829 0.4631347326 0.8858421826 0.0281042180 43.7114363427 -0.0012338892 -0.0310655505 0.9995165877 -0.0627942981
122 0.8838625211 -0.4676086271 -0.0113673050 191.6353035617 0.4677398474 0.8834561482 0.0269196836 44.6336939819 -0.0025453608 -0.0291102409 0.9995729663 -0.0668427078
123 0.8812365863 -0.4725435301 -0.0111665157 193.4010998366 0.4726729934 0.8809099404 0.0240399286 45.5787927272 -0.0015232181 -0.0264629750 0.9996486337 -0.0706574197
124 0.8791434053 -0.4764243956 -0.0112546975 195.1591482863 0.4765571346 0.8788774186 0.0216282354 46.5304520035 -0.0004127195 -0.0243778269 0.9997027314 -0.0826698718
125 0.8766587237 -0.4809707338 -0.0116891152 196.9097268634 0.4811125544 0.8764217138 0.0203884687 47.4917681248 0.0004383376 -0.0234975090 0.9997237993 -0.0841670165
126 0.8739796126 -0.4858382330 -0.0109930899 198.6842765374 0.4859614425 0.8737047969 0.0219409271 48.4424105724 -0.0010550259 -0.0245181407 0.9996988285 -0.0810846236
127 0.8711316248 -0.4908886822 -0.0125695660 200.4450844625 0.4910477593 0.8707732021 0.0250225635 49.4298304950 -0.0013380520 -0.0279702036 0.9996078618 -0.0930560413
128 0.8683409698 -0.4957870923 -0.0133835448 202.2146512284 0.4959643152 0.8679191297 0.0271253095 50.3970906895 -0.0018325438 -0.0301917782 0.9995424445 -0.0858468051
129 0.8654022942 -0.5008116066 -0.0163280100 203.9584316610 0.5010775282 0.8649148187 0.0290459507 51.3919949225 -0.0004242114 -0.0333180312 0.9994447102 -0.0876704294
130 0.8625614980 -0.5055930524 -0.0190611509 205.7241246901 0.5059513254 0.8620189729 0.0306030508 52.3753554802 0.0009583838 -0.0360410279 0.9993498516 -0.0776999032
131 0.8600095194 -0.5098013138 -0.0220510089 207.4762958703 0.5102730173 0.8593885378 0.0327534558 53.4003946506 0.0022526295 -0.0394203186 0.9992201780 -0.0699490304
132 0.8573290044 -0.5142011643 -0.0241690049 209.2293718212 0.5147625680 0.8566051842 0.0353136945 54.4142704605 0.0025449521 -0.0427167536 0.9990839815 -0.0717191745
133 0.8547794760 -0.5184294822 -0.0241437256 210.9729771436 0.5189902534 0.8539489149 0.0376877662 55.4565530223 0.0010790592 -0.0447450873 0.9989978542 -0.0585407818
134 0.8521799345 -0.5227505401 -0.0228305050 212.7473977780 0.5232475863 0.8512704152 0.0393782139 56.4969205523 -0.0011500491 -0.0455033303 0.9989635250 -0.0573326542
135 0.8499662641 -0.5263057194 -0.0236567046 214.4947351103 0.5268370911 0.8490942960 0.0384909840 57.5698932136 -0.0001712521 -0.0451792673 0.9989788809 -0.0588071392
136 0.8476091923 -0.5301468226 -0.0224277426 216.2494150824 0.5306207260 0.8468074752 0.0368611615 58.6361892435 -0.0005498475 -0.0431444843 0.9990686919 -0.0596985384
137 0.8451734102 -0.5340052248 -0.0228106676 217.9953057122 0.5344917088 0.8444601814 0.0347219697 59.7375886137 0.0007209872 -0.0415381982 0.9991366565 -0.0562271682
138 0.8429772379 -0.5375062756 -0.0218261336 219.7551370063 0.5379483000 0.8423571879 0.0323418393 60.8600124061 0.0010014590 -0.0390047658 0.9992385227 -0.0547963713
139 0.8404924254 -0.5413582678 -0.0224434579 221.4899938460 0.5418186776 0.8399349101 0.0306898577 61.9638799278 0.0022368356 -0.0379548776 0.9992769505 -0.0539972379
140 0.8379802744 -0.5452724315 -0.0216109962 223.2668716868 0.5456978145 0.8374434924 0.0300381816 63.0919524844 0.0017189958 -0.0369644770 0.9993151017 -0.0435765341
141 0.8355326745 -0.5490303706 -0.0212320977 225.0023042531 0.5494392542 0.8349968049 0.0299473184 64.2331614046 0.0012867465 -0.0366877110 0.9993259509 -0.0386857190
142 0.8328940913 -0.5530215965 -0.0213200927 226.7556618273 0.5534307289 0.8323682592 0.0296227850 65.3670251737 0.0013641286 -0.0364718370 0.9993337502 -0.0419197774
143 0.8301421004 -0.5571503256 -0.0211567444 228.4961850947 0.5575513605 0.8295950071 0.0301430680 66.5259313038 0.0007573094 -0.0368190014 0.9993216637 -0.0401954810
144 0.8273802455 -0.5612639755 -0.0206077456 230.2536078559 0.5616404802 0.8267305560 0.0328109565 67.6762122490 -0.0013785549 -0.0387212813 0.9992490991 -0.0284957162
145 0.8243883925 -0.5656779467 -0.0198050220 231.9901782136 0.5660107409 0.8236192063 0.0358223984 68.8442359133 -0.0039521443 -0.0407414246 0.9991619072 -0.0348859534
146 0.8212814692 -0.5701768459 -0.0198774441 233.7655627448 0.5704928775 0.8203798506 0.0389201430 70.0490378514 -0.0058843098 -0.0433043325 0.9990445984 -0.0311590671
147 0.8182857935 -0.5744544243 -0.0202601709 235.4891346619 0.5747762748 0.8173364278 0.0399173858 71.2486337184 -0.0063713431 -0.0443088952 0.9989975615 -0.0359165182
148 0.8149505426 -0.5790822996 -0.0227882305 237.2473050843 0.5795199958 0.8140686078 0.0380641064 72.4788508298 -0.0034910672 -0.0442265994 0.9990154255 -0.0509522964
149 0.8117519507 -0.5835015892 -0.0241798664 238.9590548562 0.5840018676 0.8110007541 0.0349227063 73.6869133098 -0.0007675648 -0.0424696621 0.9990974620 -0.0642522995
150 0.8084472207 -0.5880095269 -0.0256493192 240.7022373989 0.5885657398 0.8078128957 0.0320732839 74.9080573240 0.0018604543 -0.0410258678 0.9991563526 -0.0630713682
151 0.8055431331 -0.5919623884 -0.0260919797 242.3931904008 0.5925276025 0.8049986432 0.0298031006 76.1304545825 0.0033616937 -0.0394679012 0.9992151839 -0.0686673291
152 0.8031100071 -0.5953005103 -0.0251320310 244.1162808528 0.5958238736 0.8025890330 0.0290646818 77.4106269353 0.0028684726 -0.0383164008 0.9992615400 -0.0630823946
153 0.8005080092 -0.5988432671 -0.0239513825 245.8102028517 0.5993211836 0.7999355342 0.0302863006 78.6707956304 0.0010228147 -0.0385989971 0.9992542576 -0.0607282938
154 0.7973837815 -0.6030204116 -0.0233556879 247.5121491091 0.6034722050 0.7967452293 0.0319113991 79.9184298051 -0.0006346921 -0.0395401405 0.9992177813 -0.0666241377
155 0.7941130476 -0.6073873485 -0.0215656317 249.1929342083 0.6077609280 0.7934063212 0.0336610147 81.1892645774 -0.0033349659 -0.0398373993 0.9992006103 -0.0653239302
156 0.7916818308 -0.6105328741 -0.0221243866 250.8758117272 0.6109262278 0.7909749122 0.0335832173 82.5011135809 -0.0030038234 -0.0401035910 0.9991910123 -0.0875659793
157 0.7882073730 -0.6149697470 -0.0232668723 252.5701382966 0.6154061112 0.7875095420 0.0332270911 83.7808889416 -0.0021107718 -0.0405084135 0.9991769678 -0.1031654893
158 0.7842040354 -0.6200406106 -0.0239514513 254.2743962926 0.6205007140 0.7835108157 0.0330100829 85.0789501665 -0.0017013708 -0.0407485328 0.9991679851 -0.1100544300
159 0.7813162648 -0.6236398260 -0.0248648693 255.9503478943 0.6241332280 0.7805902953 0.0337120848 86.4161339451 -0.0016149230 -0.0418587913 0.9991222316 -0.1023245844
160 0.7786559049 -0.6268466959 -0.0275354597 257.5995431983 0.6274508750 0.7779485600 0.0331879133 87.7284617695 0.0006174375 -0.0431191129 0.9990697478 -0.1299606329
161 0.7746732331 -0.6316942017 -0.0290485355 259.2652048606 0.6323591856 0.7739831226 0.0327412037 89.0512625187 0.0018006477 -0.0437328423 0.9990416389 -0.1365037066
162 0.7725079250 -0.6343408410 -0.0290379621 260.9201910580 0.6350047036 0.7717518215 0.0341782453 90.4077571292 0.0007294432 -0.0448422078 0.9989938160 -0.1378203080
163 0.7700523170 -0.6373171840 -0.0290901366 262.5632281989 0.6379806492 0.7692264905 0.0356552604 91.7596652140 -0.0003468065 -0.0460153600 0.9989406721 -0.1354384699
164 0.7672930387 -0.6405941780 -0.0300081945 264.2354352884 0.6412965012 0.7664205563 0.0365831720 93.1290413429 -0.0004360699 -0.0473141634 0.9988799627 -0.1406456521
165 0.7650987950 -0.6431878525 -0.0305486532 265.8637738065 0.6439129033 0.7642432998 0.0361711432 94.4864040508 0.0000817636 -0.0473451700 0.9988785853 -0.1417564418
166 0.7633115292 -0.6453521280 -0.0295996667 267.5292371220 0.6460305781 0.7625072123 0.0350320330 95.8775423771 -0.0000380377 -0.0458626445 0.9989477546 -0.1463496019
167 0.7619818913 -0.6469731749 -0.0284483432 269.1576567848 0.6475980008 0.7612016256 0.0344806389 97.2625828230 -0.0006531234 -0.0446967126 0.9990003890 -0.1437534788
168 0.7614846335 -0.6475868902 -0.0277915909 270.7813699203 0.6481829606 0.7607810956 0.0327257413 98.6618753586 -0.0000494441 -0.0429341848 0.9990779015 -0.1598921468
169 0.7603146233 -0.6489994034 -0.0268597845 272.4270839114 0.6495548493 0.7596378021 0.0320765870 100.0569048370 -0.0004139781 -0.0418352014 0.9991244390 -0.1708258624
170 0.7595879959 -0.6497679192 -0.0287702556 274.0676317339 0.6504018758 0.7589681828 0.0307359299 101.4748053182 0.0018644875 -0.0420588716 0.9991133945 -0.1747153125
171 0.7587352072 -0.6507445764 -0.0291955737 275.6997988592 0.6513982900 0.7580456000 0.0323594846 102.8787655978 0.0010738171 -0.0435702270 0.9990497897 -0.1695653821
172 0.7572182921 -0.6524177552 -0.0311693900 277.3712985717 0.6531596741 0.7564774164 0.0335314587 104.3084331501 0.0017024206 -0.0457492224 0.9989515055 -0.1745852468
173 0.7551803239 -0.6546498569 -0.0337082071 279.0235917870 0.6555116290 0.7543851517 0.0347497798 105.6954773322 0.0026800326 -0.0483384717 0.9988274173 -0.1929214003
174 0.7545380259 -0.6554317314 -0.0328878840 280.6723192213 0.6562545976 0.7537030189 0.0355198880 107.1413481191 0.0015068357 -0.0483839312 0.9988276752 -0.1771559888
175 0.7534136401 -0.6566974344 -0.0334120711 282.3012957194 0.6575436455 0.7525958154 0.0351552692 108.5566369116 0.0020594098 -0.0484563544 0.9988231778 -0.1858511217
176 0.7519019869 -0.6584454870 -0.0330596853 283.9512233450 0.6592684499 0.7511706070 0.0332840832 109.9780807416 0.0029177095 -0.0468215757 0.9988990074 -0.1743417778
177 0.7506543922 -0.6599129448 -0.0321385865 285.5773420257 0.6606905790 0.7499401374 0.0328290910 111.4047093035 0.0024376739 -0.0458769626 0.9989441236 -0.1728489184
178 0.7491191915 -0.6615808041 -0.0336344553 287.2158716741 0.6624167216 0.7485116204 0.0305686310 112.8485084428 0.0049521611 -0.0451795737 0.9989666072 -0.1939136802
179 0.7473827349 -0.6635538660 -0.0333963239 288.8775064491 0.6643734642 0.7468079057 0.0297632678 114.3258300782 0.0051911073 -0.0444321838 0.9989989156 -0.1741182610
180 0.7452129403 -0.6659379907 -0.0344131685 290.5075885055 0.6667912689 0.7447115231 0.0281806881 115.7671976186 0.0068612923 -0.0439470137 0.9990103016 -0.1690737002
181 0.7423225531 -0.6691891742 -0.0338094112 292.1496596378 0.6700144271 0.7418092362 0.0282794021 117.2046040988 0.0061558638 -0.0436452312 0.9990281273 -0.1531250868
182 0.7417919589 -0.6697656589 -0.0340389763 293.7641855719 0.6706155541 0.7411537346 0.0310792585 118.6752808126 0.0044122944 -0.0458814109 0.9989371491 -0.1444683607
183 0.7402170419 -0.6714878832 -0.0343911845 295.3845457158 0.6723621240 0.7394555331 0.0336851419 120.1386207816 0.0028115870 -0.0480576459 0.9988406067 -0.1377957667
184 0.7379795050 -0.6739073581 -0.0351443146 297.0089181136 0.6748197151 0.7371398695 0.0352585434 121.5883921290 0.0021452836 -0.0497361587 0.9987600874 -0.1315773019
185 0.7361186241 -0.6759494298 -0.0349533931 298.6293012556 0.6768509592 0.7352465833 0.0358502568 123.0692646726 0.0014664022 -0.0500482793 0.9987457231 -0.1302126412
186 0.7349091408 -0.6772436249 -0.0353500686 300.2419689566 0.6781626124 0.7340610537 0.0353530847 124.5525572095 0.0020064574 -0.0499543999 0.9987494841 -0.1382359103
187 0.7339276242 -0.6783152153 -0.0351953274 301.8575794374 0.6792194227 0.7331882787 0.0331047396 126.0456118915 0.0033493529 -0.0482018328 0.9988320005 -0.1269715925
188 0.7331186609 -0.6790856366 -0.0371446791 303.4766718642 0.6800802006 0.7324268569 0.0322772389 127.5399357719 0.0052867512 -0.0489244069 0.9987884925 -0.1216427604
189 0.7326117720 -0.6795894112 -0.0379239202 305.0892183901 0.6806193436 0.7319442179 0.0318586098 129.0485288003 0.0061074203 -0.0491517462 0.9987726494 -0.1150664804
190 0.7314945480 -0.6807647990 -0.0384059200 306.7588761244 0.6818146158 0.7308496534 0.0314263233 130.5864958109 0.0066750187 -0.0491739017 0.9987679268 -0.1048317055
191 0.7319651245 -0.6802876272 -0.0378919619 308.3660269892 0.6813165888 0.7312861928 0.0320657156 132.0704069193 0.0058959590 -0.0492874076 0.9987672347 -0.0897141164
192 0.7318161347 -0.6804599106 -0.0376756557 309.9876733716 0.6814808583 0.7311109041 0.0325681701 133.5721741937 0.0053837486 -0.0495091506 0.9987591598 -0.0846964626
193 0.7319296782 -0.6804019003 -0.0364993193 311.6418901002 0.6813731598 0.7311144113 0.0346746975 135.1096548370 0.0030924483 -0.0502490967 0.9987319285 -0.0539177304
194 0.7316476035 -0.6807346342 -0.0359463768 313.2704660920 0.6816797004 0.7307914476 0.0354492055 136.6235236647 0.0021378028 -0.0504402416 0.9987247928 -0.0471902147
195 0.7319918442 -0.6803186707 -0.0368028032 314.9024186045 0.6813053578 0.7311768616 0.0346901509 138.1654071888 0.0033090008 -0.0504668545 0.9987202547 -0.0467400552
196 0.7307364764 -0.6816556269 -0.0370109228 316.5865992950 0.6826443813 0.7300080630 0.0329374662 139.6204306058 0.0045662629 -0.0493339065 0.9987719033 -0.0369265105
197 0.7302623721 -0.6821227931 -0.0377539785 318.2124518226 0.6831294591 0.7296842993 0.0299159742 141.1399761236 0.0071421175 -0.0476373652 0.9988391620 -0.0364550417
198 0.7301683869 -0.6822132362 -0.0379371466 319.8731874559 0.6832163033 0.7296656584 0.0283462505 142.6850982136 0.0083432457 -0.0466168130 0.9988780021 -0.0216024618
199 0.7299527976 -0.6824152983 -0.0384483282 321.4980422750 0.6834401322 0.7294649275 0.0281159268 144.2094224623 0.0088599684 -0.0468004299 0.9988649662 -0.0085337469
200 0.7293584278 -0.6830884194 -0.0377689705 323.1728184166 0.6840901852 0.7288105531 0.0292539956 145.7666079899 0.0075433587 -0.0471740302 0.9988582025 0.0075962112
201 0.7287938196 -0.6836928126 -0.0377320365 324.8228008351 0.6846957395 0.7282231301 0.0297122384 147.3083480135 0.0071632979 -0.0474890603 0.9988460724 0.0262986034
202 0.7285902194 -0.6838929476 -0.0380358819 326.4793790721 0.6849081869 0.7280341871 0.0294448291 148.8645169566 0.0075543114 -0.0475043014 0.9988424669 0.0313780557
203 0.7280492205 -0.6844857071 -0.0377312755 328.1123471679 0.6854825534 0.7275122152 0.0289766417 150.4156329842 0.0076158667 -0.0469605524 0.9988677115 0.0435729086
204 0.7276759454 -0.6849286944 -0.0368836275 329.7864111418 0.6858938507 0.7270733855 0.0302310736 151.9766146201 0.0061109742 -0.0472966784 0.9988621928 0.0567550529
205 0.7267706525 -0.6858004287 -0.0384992302 331.4272120953 0.6868457600 0.7261531022 0.0307339248 153.5356946554 0.0068789967 -0.0487795476 0.9987858805 0.0698500632
206 0.7245578853 -0.6879689390 -0.0414078476 333.1231528557 0.6891645433 0.7239165578 0.0315760924 155.1061918165 0.0082524557 -0.0514155271 0.9986432499 0.0815567444
207 0.7230750940 -0.6894209019 -0.0431419571 334.7549419046 0.6906887813 0.7225335871 0.0299035623 156.6795817474 0.0105553722 -0.0514201869 0.9986213239 0.0911808234
208 0.7220051460 -0.6904951869 -0.0438744341 336.4306763522 0.6917944685 0.7214958463 0.0293965519 158.2569675750 0.0113570444 -0.0515765525 0.9986044646 0.1131626351
209 0.7211672973 -0.6913906300 -0.0435514177 338.0608328739 0.6926634244 0.7206942924 0.0285852669 159.8226249016 0.0116236725 -0.0507812338 0.9986421564 0.1331693135
210 0.7203821207 -0.6923150040 -0.0418274478 339.7189018897 0.6934939343 0.7199199455 0.0279541620 161.3951133139 0.0107593282 -0.0491447598 0.9987337130 0.1403088908
211 0.7205884858 -0.6923517887 -0.0374330715 341.3622708029 0.6933166130 0.7201138605 0.0273514555 163.0012413100 0.0080192445 -0.0456621142 0.9989247534 0.1608007281
212 0.7201356169 -0.6929001552 -0.0359731584 343.0069482635 0.6938028622 0.7196213784 0.0279760647 164.5745851020 0.0065024343 -0.0451048408 0.9989610962 0.1770182667
213 0.7193910109 -0.6937030494 -0.0353928340 344.6709823604 0.6945874453 0.7188037337 0.0294868321 166.1596960641 0.0049853959 -0.0457959801 0.9989383735 0.2016163137
214 0.7187363404 -0.6941819540 -0.0391086644 346.3251487127 0.6952257073 0.7182599531 0.0276379411 167.7543668620 0.0089044275 -0.0470537414 0.9988526701 0.1819844815
215 0.7182561907 -0.6944865873 -0.0423842483 347.9614822100 0.6956859453 0.7178215098 0.0274471398 169.3454241814 0.0113626547 -0.0492002039 0.9987243013 0.1966726696
216 0.7185693707 -0.6939207873 -0.0461735901 349.6066721889 0.6953093309 0.7181935724 0.0272566885 170.9563225859 0.0142475929 -0.0516907495 0.9985615016 0.2229808395
217 0.7167940482 -0.6956556340 -0.0476395994 351.2737667777 0.6971325185 0.7163913024 0.0281025538 172.5318762968 0.0145788948 -0.0533548572 0.9984691858 0.2395581269
218 0.7163254161 -0.6961668172 -0.0472192849 352.9116617069 0.6976137814 0.7159421776 0.0276009107 174.1251974113 0.0145914395 -0.0527120577 0.9985031441 0.2587948570
219 0.7159705376 -0.6966542327 -0.0453769677 354.5407315844 0.6980097001 0.7155420026 0.0279660709 175.6993061810 0.0129864447 -0.0516964464 0.9985784044 0.2893322238
220 0.7156634270 -0.6970841504 -0.0435837871 356.1702412020 0.6983527364 0.7151900072 0.0284026265 177.2846712165 0.0113716682 -0.0507635780 0.9986459554 0.3198756239
221 0.7154321222 -0.6973080860 -0.0437985355 357.7595364804 0.6985795066 0.7149950156 0.0277272552 178.8235007251 0.0119812953 -0.0504337284 0.9986555400 0.3058723281
222 0.7155019627 -0.6972880868 -0.0429681896 359.3831682668 0.6985058892 0.7151056560 0.0267099905 180.4236453772 0.0121022373 -0.0491245840 0.9987193355 0.3310200087
223 0.7154156246 -0.6973743948 -0.0430050877 360.9965127489 0.6985862027 0.7150503817 0.0260819693 182.0049147933 0.0125619068 -0.0487022093 0.9987343457 0.3507751458
224 0.7141525397 -0.6987350926 -0.0418977362 362.6632103457 0.6998771769 0.7138322407 0.0248086560 183.6204701393 0.0125732764 -0.0470404340 0.9988138517 0.3662258169
225 0.7138237011 -0.6990888026 -0.0416001174 364.2826098789 0.7002063621 0.7135374327 0.0239871349 185.2114037061 0.0129141036 -0.0462512523 0.9988463584 0.3861484134
226 0.7130596783 -0.6998741512 -0.0414978026 365.9187918559 0.7009762791 0.7128073462 0.0231936069 186.8157399807 0.0133473326 -0.0456274011 0.9988693553 0.4052611644
227 0.7121092162 -0.7009094434 -0.0403288521 367.5352611851 0.7019523859 0.7118611919 0.0227264478 188.4047924968 0.0127793628 -0.0444926468 0.9989279715 0.4243295092
228 0.7115612877 -0.7014988151 -0.0397485365 369.1393817943 0.7025116607 0.7113198698 0.0223921737 189.9954334371 0.0125658405 -0.0438572143 0.9989587801 0.4413488324
229 0.7103582639 -0.7026662497 -0.0406359255 370.7481451661 0.7037106903 0.7101506306 0.0218482532 191.5772967292 0.0135055980 -0.0441160224 0.9989351207 0.4564748126
230 0.7099648036 -0.7029541657 -0.0424902174 372.3705817548 0.7041055984 0.7097051761 0.0235344282 193.1965355974 0.0136119029 -0.0466262156 0.9988196595 0.4729653541
231 0.7089079402 -0.7040148903 -0.0425742480 373.9752729871 0.7051686390 0.7086519036 0.0234450468 194.7717268010 0.0136646598 -0.0466424043 0.9988181833 0.4843118944
232 0.7088994297 -0.7040918083 -0.0414285404 375.5829664431 0.7052069235 0.7085745748 0.0246021755 196.4011966765 0.0120330201 -0.0466561616 0.9988385300 0.5109401365
233 0.7086356854 -0.7043641823 -0.0413105805 377.1680712497 0.7054555597 0.7083760253 0.0231486519 197.9848684066 0.0129583436 -0.0455467394 0.9988781587 0.5214705972
234 0.7080027274 -0.7050807933 -0.0399150700 378.8119798933 0.7061124995 0.7077113726 0.0234467711 199.6226207448 0.0117164810 -0.0447849077 0.9989279434 0.5507678698
235 0.7074789846 -0.7056058413 -0.0399234649 380.4026283188 0.7066334938 0.7072028939 0.0230905265 201.2091095451 0.0119411795 -0.0445473197 0.9989359061 0.5531404301
236 0.7073447604 -0.7057770028 -0.0392710099 382.0295433188 0.7067797767 0.7070447438 0.0234537317 202.8498485082 0.0112132566 -0.0443458298 0.9989533073 0.5850195308
237 0.7063875721 -0.7067075558 -0.0397621494 383.6247996173 0.7077415407 0.7060526835 0.0243211787 204.4354145828 0.0108862115 -0.0453215032 0.9989131352 0.6014725157
238 0.7058871309 -0.7071486438 -0.0407940428 385.2361584149 0.7082255573 0.7055789846 0.0239761641 206.0614058375 0.0118287074 -0.0458158493 0.9988798675 0.6080343122
239 0.7052538070 -0.7077104238 -0.0419883749 386.8329550662 0.7088390604 0.7049714268 0.0237165339 207.6692835172 0.0128161663 -0.0464891760 0.9988365744 0.6233963373
