0 1.0000000000 0.0000000000 0.0000000000 0.0000000000 0.0000000000 1.0000000000 0.0000000000 0.0000000000 0.0000000000 0.0000000000 1.0000000000 0.0000000000
1 0.9999998943 -0.0000931319 0.0004502538 0.0050375587 0.0000931819 0.9999999895 -0.0001110359 -0.0011819356 -0.0004502435 0.0001110778 0.9999998925 -0.0000869534
2 0.9999995818 -0.0000905569 0.0009100264 0.0200576932 0.0000906160 0.9999999938 -0.0000648362 -0.0023966127 -0.0009100205 0.0000649187 0.9999995838 0.0017032338
3 0.9999996861 0.0000740040 0.0007888467 0.0294061153 -0.0000739142 0.9999999908 -0.0001137801 -0.0017138586 -0.0007888551 0.0001137218 0.9999996824 0.0024997273
4 0.9999997582 0.0002264225 0.0006574994 0.0438815156 -0.0002263783 0.9999999721 -0.0000672152 -0.0015477872 -0.0006575146 0.0000670664 0.9999997816 0.0013561072
5 0.9999996133 0.0004280861 0.0007682542 0.0657385903 -0.0004281338 0.9999999064 0.0000619856 -0.0002138978 -0.0007682276 -0.0000623145 0.9999997030 0.0015611165
6 0.9999988810 0.0006168475 0.0013629176 0.0888618266 -0.0006168568 0.9999998097 0.0000063466 -0.0015241209 -0.0013629134 -0.0000071873 0.9999990712 0.0028509076
7 0.9999963100 0.0009487479 0.0025455446 0.1230561291 -0.0009483243 0.9999995363 -0.0001676040 -0.0009514698 -0.0025457025 0.0001651893 0.9999967461 0.0038796029
8 0.9999908986 0.0016123620 0.0039500580 0.1675698959 -0.0016106934 0.9999986123 -0.0004255756 0.0021887281 -0.0039507387 0.0004192094 0.9999921079 0.0056957700
9 0.9999818359 0.0021568629 0.0056281218 0.2265824530 -0.0021573946 0.9999976689 0.0000884176 0.0001283999 -0.0056279180 -0.0001005581 0.9999841581 0.0067696092
10 0.9999708542 0.0029177255 0.0070553206 0.3012377657 -0.0029174648 0.9999957431 -0.0000472404 0.0007792252 -0.0070554284 0.0000266554 0.9999751098 0.0094527116
11 0.9999600852 0.0037586989 0.0081055698 0.3928379484 -0.0037591450 0.9999929336 0.0000398026 0.0005665754 -0.0081053629 -0.0000702710 0.9999671485 0.0104071997
12 0.9999480127 0.0047840222 0.0090047250 0.5013242571 -0.0047860232 0.9999885268 0.0002006798 -0.0026626154 -0.0090036616 -0.0002437662 0.9999594365 0.0114398710
13 0.9999262059 0.0064861532 0.0102719314 0.6315625615 -0.0064903922 0.9999788652 0.0003793928 -0.0040954690 -0.0102692535 -0.0004460337 0.9999471703 0.0141129724
14 0.9998916874 0.0084598808 0.0120434186 0.7797851158 -0.0084690177 0.9999638867 0.0007078663 -0.0081223899 -0.0120369952 -0.0008097856 0.9999272248 0.0167125370
15 0.9998353380 0.0107051453 0.0146525323 0.9537331933 -0.0107153026 0.9999424005 0.0006148734 -0.0086218510 -0.0146451060 -0.0007717785 0.9998924568 0.0185220941
16 0.9997191048 0.0136402895 0.0193817963 1.1487833177 -0.0136311852 0.9999069100 -0.0006017700 -0.0070201160 -0.0193882004 0.0003374041 0.9998119742 0.0276027218
17 0.9995743197 0.0173753653 0.0234366412 1.3635919960 -0.0173458888 0.9998484822 -0.0014604324 -0.0112118522 -0.0234584657 0.0010532813 0.9997242575 0.0346465317
18 0.9994994757 0.0215048626 0.0232021341 1.6073963128 -0.0214895125 0.9997686589 -0.0009107418 -0.0157542657 -0.0232163519 0.0004116834 0.9997303794 0.0313447555
19 0.9994563331 0.0253535983 0.0210768442 1.8820310411 -0.0253861111 0.9996769059 0.0012764152 -0.0243916441 -0.0210376727 -0.0018107804 0.9997770438 0.0276116210
20 0.9993750688 0.0292888368 0.0197897918 2.1743078454 -0.0293477743 0.9995656301 0.0026942877 -0.0319397389 -0.0197022832 -0.0032733903 0.9998005326 0.0190262762
21 0.9992530082 0.0331877705 0.0197989279 2.4907444736 -0.0332562089 0.9994419349 0.0031374053 -0.0412702447 -0.0196837554 -0.0037934990 0.9997990594 0.0149441933
22 0.9991183240 0.0367685326 0.0202644903 2.8270837066 -0.0368453653 0.9993150886 0.0034311348 -0.0508767781 -0.0201244531 -0.0041747622 0.9997887666 0.0123646908
23 0.9989872989 0.0392470472 0.0220010428 3.1794105635 -0.0393605837 0.9992137759 0.0047512728 -0.0664859686 -0.0217972716 -0.0056124351 0.9997466577 0.0084672505
24 0.9989139316 0.0408019352 0.0224979872 3.5549004152 -0.0409277607 0.9991487802 0.0051607534 -0.0813425757 -0.0222682677 -0.0060759408 0.9997335681 0.0036896189
25 0.9988874866 0.0415101713 0.0223762095 3.9635399603 -0.0416565237 0.9991132810 0.0061143886 -0.0986510183 -0.0221025587 -0.0070397014 0.9997309235 -0.0014000369
26 0.9988977714 0.0407381309 0.0233162374 4.3852300475 -0.0409248386 0.9991334215 0.0075870738 -0.1170627028 -0.0229869489 -0.0085329244 0.9996993495 -0.0057535931
27 0.9988950796 0.0395097703 0.0254479456 4.8297174833 -0.0397260710 0.9991781741 0.0080508151 -0.1361144088 -0.0251089460 -0.0090528665 0.9996437298 -0.0050444076
28 0.9989066724 0.0385111981 0.0265018376 5.3064156302 -0.0387510791 0.9992119032 0.0085980429 -0.1495361345 -0.0261498306 -0.0096156172 0.9996117878 -0.0161346273
29 0.9989553732 0.0364600981 0.0275467528 5.7878497228 -0.0367574168 0.9992704643 0.0103649182 -0.1776113055 -0.0271487505 -0.0113666382 0.9995667786 -0.0267753411
30 0.9989885942 0.0345221425 0.0288099013 6.2855517292 -0.0348436216 0.9993351513 0.0107320763 -0.1901628503 -0.0284202528 -0.0117250631 0.9995272943 -0.0357954990
31 0.9989866182 0.0318903327 0.0317607212 6.7951618740 -0.0322870119 0.9994059251 0.0120559428 -0.2032637614 -0.0313573850 -0.0130691843 0.9994227888 -0.0412648040
32 0.9990325676 0.0282734030 0.0336829860 7.3217460203 -0.0287030274 0.9995118071 0.0123403284 -0.2253264295 -0.0333176392 -0.0132951936 0.9993563792 -0.0468727631
33 0.9991061169 0.0247122193 0.0342968434 7.8709637949 -0.0251726682 0.9995978173 0.0130591109 -0.2422042148 -0.0339603302 -0.0139107806 0.9993263662 -0.0600230749
34 0.9992211691 0.0209252324 0.0334542957 8.4328492381 -0.0214379220 0.9996570405 0.0150405088 -0.2619622882 -0.0331280961 -0.0157459854 0.9993270702 -0.0780659052
35 0.9993426996 0.0179712365 0.0314833847 9.0055017512 -0.0185309159 0.9996737862 0.0175763026 -0.2746391193 -0.0311572465 -0.0181481657 0.9993497236 -0.1013497355
36 0.9994119710 0.0164723186 0.0300728274 9.6055850633 -0.0170137475 0.9996961285 0.0178376892 -0.2652983920 -0.0297698610 -0.0183388516 0.9993885340 -0.1067397679
37 0.9995055576 0.0142757115 0.0280150740 10.2110664832 -0.0147696936 0.9997376684 0.0175057285 -0.2757578909 -0.0277578181 -0.0179108470 0.9994542036 -0.1217300349
38 0.9995507879 0.0123109937 0.0273251143 10.8373807666 -0.0128270765 0.9997411201 0.0187925239 -0.2846779969 -0.0270866857 -0.0191345834 0.9994499383 -0.1371603177
39 0.9995892459 0.0102181985 0.0267755096 11.4814440128 -0.0107637614 0.9997357642 0.0203111612 -0.2897529858 -0.0265608911 -0.0205910235 0.9994351049 -0.1501595709
40 0.9996449399 0.0082281394 0.0253434778 12.1498648269 -0.0086672371 0.9998133815 0.0172650264 -0.2996338450 -0.0251966892 -0.0174785542 0.9995297029 -0.1641797338
41 0.9996637040 0.0075327117 0.0248140527 12.8326419890 -0.0079471158 0.9998298905 0.0166443179 -0.3133130060 -0.0246844547 -0.0168359206 0.9995535151 -0.1832453632
42 0.9996999572 0.0073322084 0.0233716542 13.5591911795 -0.0077392267 0.9998191353 0.0173724247 -0.3075525317 -0.0232400489 -0.0175480908 0.9995758924 -0.1953186132
43 0.9997623780 0.0060088251 0.0209542738 14.2654993594 -0.0064064346 0.9997997201 0.0189598850 -0.3160302802 -0.0208361505 -0.0190896219 0.9996006408 -0.2121671760
44 0.9997868305 0.0050014870 0.0200319397 15.0053022390 -0.0053063203 0.9998704960 0.0151932294 -0.3259920945 -0.0199533567 -0.0152962865 0.9996838936 -0.2230572480
45 0.9997676762 0.0044632399 0.0210872728 15.7581835533 -0.0047899773 0.9998688665 0.0154695139 -0.3289505264 -0.0210154634 -0.0155669275 0.9996579520 -0.2408680660
46 0.9997617883 0.0029410716 0.0216267584 16.5175617386 -0.0032842925 0.9998689577 0.0158518399 -0.3515543618 -0.0215773030 -0.0159190924 0.9996404366 -0.2432940371
47 0.9997514835 0.0029440403 0.0220976000 17.3016556287 -0.0033342293 0.9998388171 0.0176415062 -0.3453999073 -0.0220421010 -0.0177108005 0.9996001567 -0.2524494705
48 0.9997660876 0.0031726100 0.0213940330 18.1066872059 -0.0035487450 0.9998394025 0.0175663219 -0.3190360678 -0.0213348660 -0.0176381348 0.9996167864 -0.2644465420
49 0.9998204514 0.0023355324 0.0188045259 18.9088750055 -0.0026603362 0.9998473889 0.0172661954 -0.3206261079 -0.0187613304 -0.0173131216 0.9996740810 -0.2783415949
50 0.9998901873 0.0017109869 0.0147202508 19.7260374808 -0.0019640611 0.9998502259 0.0171950040 -0.3217236561 -0.0146886257 -0.0172220272 0.9997437902 -0.2929052448
51 0.9999305521 0.0008107134 0.0117572837 20.5626396698 -0.0010316805 0.9998227285 0.0188001921 -0.3287041884 -0.0117399579 -0.0188110162 0.9997541293 -0.3085924130
52 0.9999643846 0.0006215698 0.0084168422 21.4216456119 -0.0007743104 0.9998348674 0.0181559437 -0.3167170506 -0.0084041672 -0.0181618143 0.9997997392 -0.3140167714
53 0.9999852735 -0.0001948101 0.0054235523 22.2661543734 0.0001050312 0.9998630523 0.0165488848 -0.3160308161 -0.0054260335 -0.0165480715 0.9998483482 -0.3217992273
54 0.9999926497 -0.0007522592 0.0037596098 23.1273278863 0.0006848151 0.9998393987 0.0179083197 -0.3121064724 -0.0037724777 -0.0179056134 0.9998325647 -0.3269967807
55 0.9999892327 -0.0015403808 0.0043774016 24.0056436505 0.0014381952 0.9997286029 0.0232519281 -0.3231668106 -0.0044120304 -0.0232453821 0.9997200539 -0.3243311107
56 0.9999443148 -0.0035836789 0.0099259533 24.8787684182 0.0034042270 0.9998315189 0.0180373235 -0.3226839282 -0.0099889209 -0.0180025289 0.9997880427 -0.3206442726
57 0.9998822031 -0.0056504333 0.0142706864 25.7761217282 0.0054194495 0.9998545208 0.0161730253 -0.3205147043 -0.0143599950 -0.0160937809 0.9997673633 -0.3229533241
58 0.9998682221 -0.0086988139 0.0137065323 26.6895041797 0.0084155131 0.9997525255 0.0205928845 -0.3183126823 -0.0138822740 -0.0204748233 0.9996939852 -0.3257457480
59 0.9998789796 -0.0120085269 0.0098904698 27.6107145084 0.0117875985 0.9996862544 0.0221007992 -0.3065824386 -0.0101527647 -0.0219815396 0.9997068237 -0.3393444247
60 0.9998550938 -0.0164761810 0.0042809806 28.5274688729 0.0163817400 0.9996403762 0.0212310332 -0.2958599053 -0.0046292474 -0.0211578267 0.9997654307 -0.3520365397
61 0.9997342196 -0.0229075928 0.0025946955 29.4482576246 0.0228446963 0.9994943651 0.0221163755 -0.2806764826 -0.0031000164 -0.0220512223 0.9997520360 -0.3582293312
62 0.9995170684 -0.0310296623 0.0016703153 30.3729976418 0.0309809984 0.9992347626 0.0238760732 -0.2666800479 -0.0024099036 -0.0238127946 0.9997135306 -0.3571478461
63 0.9992385164 -0.0389880344 0.0015233060 31.3552337943 0.0389336842 0.9988865347 0.0266431815 -0.2205470886 -0.0025603751 -0.0265635853 0.9996438468 -0.3538370763
64 0.9988355737 -0.0482379010 0.0007756810 32.3104609850 0.0481971091 0.9984426761 0.0280937941 -0.1730421279 -0.0021296587 -0.0280236953 0.9996049905 -0.3485872093
65 0.9982696090 -0.0587970626 0.0008325853 33.2795834921 0.0587468551 0.9978355631 0.0295465074 -0.1305341551 -0.0025680310 -0.0294464686 0.9995630599 -0.3466269105
66 0.9975313694 -0.0702179742 -0.0007765748 34.2545549808 0.0702092511 0.9970725420 0.0302821232 -0.0640927761 -0.0013520479 -0.0302618906 0.9995410897 -0.3453107052
67 0.9965793683 -0.0826014555 -0.0025616672 35.2214767283 0.0826411528 0.9960817074 0.0314908263 0.0019458269 -0.0000495583 -0.0315948069 0.9995007582 -0.3431468662
68 0.9953207141 -0.0965440028 -0.0039914518 36.2084389608 0.0966209678 0.9948555835 0.0304426779 0.0716473939 0.0010318602 -0.0306858858 0.9995285447 -0.3480536954
69 0.9940276342 -0.1089804574 -0.0056852817 37.1958314301 0.1091054031 0.9935415960 0.0311626077 0.1829755025 0.0022524486 -0.0315967882 0.9994981588 -0.3444370994
70 0.9922731070 -0.1238940186 -0.0066598279 38.1861166000 0.1240420988 0.9917924465 0.0310048507 0.2894096180 0.0027638515 -0.0315913785 0.9994970465 -0.3431198524
71 0.9901150053 -0.1400938411 -0.0067817442 39.1768975640 0.1402298741 0.9897257873 0.0279006894 0.4121873446 0.0028033524 -0.0285758944 0.9995876947 -0.3397580978
72 0.9877932441 -0.1555097209 -0.0090129690 40.2133062216 0.1557147428 0.9873347810 0.0303800788 0.5587336242 0.0041744202 -0.0314126887 0.9994977825 -0.3296444304
73 0.9851002927 -0.1715487870 -0.0121830632 41.2755920768 0.1718359641 0.9847048191 0.0287892474 0.7221266991 0.0070579606 -0.0304537844 0.9995112567 -0.3273380156
74 0.9818987579 -0.1888873170 -0.0140146634 42.2977073113 0.1891852811 0.9816386667 0.0243814999 0.9056378887 0.0091519794 -0.0265915325 0.9996044876 -0.3211040040
75 0.9782038620 -0.2074215878 -0.0096689826 43.3272050872 0.2076121779 0.9778303475 0.0272945988 1.1124599280 0.0037931356 -0.0287070805 0.9995806699 -0.3064662680
76 0.9740857105 -0.2260078610 -0.0088020024 44.3478405408 0.2261659543 0.9737119324 0.0270930593 1.3254337288 0.0024473704 -0.0283816752 0.9995941631 -0.3108254146
77 0.9695010399 -0.2450155175 -0.0059270359 45.4057214440 0.2450869069 0.9691792234 0.0249808112 1.5620568078 -0.0003763263 -0.0256715613 0.9996703603 -0.2923858921
78 0.9644617694 -0.2640825563 -0.0085964425 46.4250583020 0.2642099150 0.9642222320 0.0216473594 1.8308711420 0.0025721910 -0.0231493159 0.9997287097 -0.2931785435
79 0.9588527071 -0.2837027449 -0.0106882502 47.4661335917 0.2838658374 0.9586614653 0.0197073924 2.1144023584 0.0046553722 -0.0219305156 0.9997486584 -0.2932820411
80 0.9527855542 -0.3033617707 -0.0130890701 48.4890089316 0.3035588341 0.9526538623 0.0173969225 2.4261451697 0.0071917920 -0.0205488393 0.9997629836 -0.2902094040
81 0.9462934990 -0.3230459522 -0.0130355867 49.5752403179 0.3232336989 0.9461735255 0.0166022765 2.7648447746 0.0069706288 -0.0199241672 0.9997771941 -0.2740181570
82 0.9394416891 -0.3424988760 -0.0119930266 50.6049135589 0.3426622697 0.9393154049 0.0164054573 3.1283168504 0.0056463840 -0.0195215282 0.9997934928 -0.2602297674
83 0.9321816214 -0.3618109171 -0.0114142461 51.6376728272 0.3619587924 0.9320554844 0.0160750327 3.5174488073 0.0048225884 -0.0191163368 0.9998056353 -0.2511082718
84 0.9245290696 -0.3809435528 -0.0113141057 52.6706475177 0.3810848983 0.9244079565 0.0156278663 3.9156111959 0.0045055144 -0.0187600515 0.9998138631 -0.2406356043
85 0.9160915994 -0.4006798746 -0.0152256227 53.7511052841 0.4008910676 0.9160017459 0.0150716106 4.3289742837 0.0079078060 -0.0199107920 0.9997704871 -0.2543770801
86 0.9077484357 -0.4190935809 -0.0187975497 54.7856132411 0.4193603169 0.9077189065 0.0135392538 4.7839174902 0.0113886769 -0.0201731828 0.9997316344 -0.2386450670
87 0.8986526224 -0.4381009407 -0.0221591963 55.8275985001 0.4384196564 0.8986869427 0.0122467889 5.2490753844 0.0145488507 -0.0207206362 0.9996794417 -0.2245764902
88 0.8896401522 -0.4560367057 -0.0238939882 56.8397236347 0.4564056240 0.8896761366 0.0130490727 5.7596529826 0.0153070550 -0.0225143296 0.9996293308 -0.2194363764
89 0.8794134783 -0.4754469629 -0.0241271535 57.9251135600 0.4758381445 0.8794190639 0.0141481577 6.2919690396 0.0144911801 -0.0239227005 0.9996087785 -0.1917314956
90 0.8691551220 -0.4939854162 -0.0234047532 58.9395849713 0.4943471801 0.8691634257 0.0132591453 6.8389920853 0.0137927310 -0.0230943278 0.9996381408 -0.1745176065
91 0.8587101879 -0.5119145877 -0.0236699841 59.9568591785 0.5122811684 0.8587171327 0.0131487823 7.4142297697 0.0135947674 -0.0234166804 0.9996333535 -0.1579098185
92 0.8478939708 -0.5296949111 -0.0223408912 60.9535443901 0.5300272706 0.8478827887 0.0128790178 8.0302645285 0.0121205070 -0.0227613231 0.9996674524 -0.1410949224
93 0.8361797464 -0.5480398234 -0.0213490915 62.0005738418 0.5483502708 0.8361481709 0.0129698479 8.6613953078 0.0107430106 -0.0225519042 0.9996879510 -0.1154046879
94 0.8240745698 -0.5660644938 -0.0217276843 62.9951712640 0.5663827810 0.8240403493 0.0129633404 9.3021673768 0.0105664018 -0.0229889454 0.9996798785 -0.0942597304
95 0.8121377991 -0.5830466248 -0.0221094667 63.9783712737 0.5833759915 0.8120941428 0.0132497457 9.9819933957 0.0102297490 -0.0236587513 0.9996677527 -0.0774025127
96 0.7992332221 -0.6006129276 -0.0221442525 64.9390780550 0.6009130167 0.7992454732 0.0104985737 10.6576094340 0.0113931145 -0.0216975785 0.9996996609 -0.0750791012
97 0.7861400038 -0.6175864886 -0.0238919125 65.9530246375 0.6179060770 0.7862011451 0.0089352923 11.4281897505 0.0132655332 -0.0217873486 0.9996746156 -0.0774750953
98 0.7720865916 -0.6350326396 -0.0248161594 66.9161971115 0.6353709196 0.7721581579 0.0086933093 12.1649031341 0.0136414648 -0.0224794535 0.9996542325 -0.0637079618
99 0.7575836716 -0.6523161134 -0.0234663309 67.8644865186 0.6526098868 0.7576576958 0.0074264176 12.9337731544 0.0129350743 -0.0209404922 0.9996970439 -0.0456455270
100 0.7431298630 -0.6686978992 -0.0245178769 68.7970058709 0.6690008061 0.7432348210 0.0063184092 13.7404646727 0.0139974329 -0.0210978779 0.9996794243 -0.0341139928
101 0.7282040082 -0.6849203114 -0.0245578808 69.7547472029 0.6852119643 0.7283245229 0.0052870964 14.6034205320 0.0142648671 -0.0206774385 0.9996844288 -0.0179193176
102 0.7130444018 -0.7007340287 -0.0232271848 70.6527237884 0.7009861491 0.7131626881 0.0041712251 15.4471556667 0.0136418422 -0.0192562035 0.9997215106 -0.0018462447
103 0.6971476924 -0.7166387274 -0.0203477108 71.5509779910 0.7168159463 0.6972591260 0.0021471744 16.3290541048 0.0126488787 -0.0160824613 0.9997906582 0.0163983543
104 0.6814339680 -0.7316320333 -0.0190345739 72.4186289272 0.7317688838 0.6815527787 0.0003324940 17.2436574098 0.0127298035 -0.0141554816 0.9998187708 0.0430915802
105 0.6655069434 -0.7461952089 -0.0171236246 73.2964126331 0.7462869939 0.6656226741 -0.0014759775 18.1809300096 0.0124992401 -0.0117968650 0.9998522906 0.0365025942
106 0.6497382844 -0.7599283491 -0.0186833067 74.1356013380 0.7600538614 0.6498598256 -0.0005787198 19.1204682613 0.0125813160 -0.0138243029 0.9998252843 0.0507471608
107 0.6344727535 -0.7727588257 -0.0169741670 74.9757161021 0.7728965824 0.6345261979 0.0027160880 20.0891050792 0.0086716727 -0.0148425594 0.9998522393 0.0679723369
108 0.6197646003 -0.7846952469 -0.0120503010 75.7900380952 0.7847839330 0.6197365073 0.0063906299 21.0787740864 0.0024533146 -0.0134175687 0.9999069707 0.0894662516
109 0.6055905205 -0.7957252291 -0.0090266994 76.5784524170 0.7957764228 0.6055526977 0.0067686981 22.0873928566 0.0000801184 -0.0112822939 0.9999363497 0.0916528697
110 0.5928834659 -0.8052718351 -0.0051446536 77.3409788605 0.8052850240 0.5928871137 0.0009489748 23.1100574097 0.0022860162 -0.0047055439 0.9999863159 0.1009818739
111 0.5810591096 -0.8138587423 0.0020636700 78.0813091938 0.8138574337 0.5810465645 -0.0045790226 24.1427295819 0.0025275892 0.0043402160 0.9999873868 0.0989768901
112 0.5691134145 -0.8222513699 0.0035504968 78.8401926329 0.8222579418 0.5691003096 -0.0040883750 25.1838196411 0.0013410832 0.0052461733 0.9999853395 0.0988553340
113 0.5571056396 -0.8304350896 0.0032967042 79.5686389235 0.8304312979 0.5571141221 0.0027774696 26.2262089151 -0.0041431487 0.0011903424 0.9999907087 0.0985866914
114 0.5451972246 -0.8383029433 0.0028568310 80.2782468031 0.8382852314 0.5452043862 0.0054816222 27.3025838734 -0.0061528167 -0.0005937259 0.9999808950 0.0858283215
115 0.5320517513 -0.8467109718 0.0012100256 80.9804183132 0.8466804093 0.5320437729 0.0078554585 28.3564248561 -0.0072950894 -0.0031550055 0.9999684133 0.0698190116
116 0.5188222015 -0.8548768307 0.0030211787 81.6503156532 0.8548557478 0.5188307116 0.0060285337 29.4188763639 -0.0067211341 -0.0005450651 0.9999772644 0.0568669489
117 0.5060328572 -0.8624784792 0.0078498632 82.3002610949 0.8624875653 0.5060677979 0.0032532631 30.5094128061 -0.0067784323 0.0051241514 0.9999638973 0.0399020667
118 0.4928968774 -0.8700178940 0.0110241701 82.9409470782 0.8700844084 0.4928904686 -0.0034796795 31.6189126699 -0.0024063249 0.0113070817 0.9999331775 0.0322017212
119 0.4792172773 -0.8775950110 0.0133340868 83.5586049246 0.8776877662 0.4790903043 -0.0116903993 32.7178494935 0.0038712045 0.0173054062 0.9998427560 0.0082962083
120 0.4646626656 -0.8853277197 0.0168355572 84.1599533137 0.8854867645 0.4645493578 -0.0103481426 33.8138483479 0.0013405502 0.0197160586 0.9998047209 0.0026284743
121 0.4495338036 -0.8930073894 0.0213813457 84.7542221612 0.8931332344 0.4497480485 0.0063022523 34.9172495015 -0.0152441763 0.0162633150 0.9997515290 0.0099043287
122 0.4346262684 -0.9003546754 0.0214817438 85.2954384862 0.9000823859 0.4350646721 0.0238836711 36.0184242965 -0.0308497227 0.0089548685 0.9994839193 0.0028082329
123 0.4189420662 -0.9079522063 0.0105041020 85.8583045720 0.9073893584 0.4190549942 0.0322096893 37.1776918191 -0.0336466549 -0.0039626834 0.9994259351 -0.0280014288
124 0.4030057463 -0.9151966793 0.0011859994 86.3959241895 0.9147254890 0.4028391943 0.0315889744 38.2959868333 -0.0293878915 -0.0116456743 0.9995002402 -0.0719215767
125 0.3874012311 -0.9218810205 -0.0074612496 86.9105256255 0.9216953279 0.3871226901 0.0247738843 39.4293662046 -0.0199501547 -0.0164744321 0.9996652362 -0.1092389056
126 0.3750894664 -0.9269094332 -0.0121158942 87.3765502333 0.9268894691 0.3748261583 0.0195259604 40.5718338541 -0.0135574428 -0.0185540767 0.9997359361 -0.1380241658
127 0.3616082282 -0.9322960930 -0.0079676968 87.8314079881 0.9321510905 0.3613581024 0.0226862594 41.7152193122 -0.0182711192 -0.0156306353 0.9997108829 -0.1543203021
128 0.3492815661 -0.9369743712 -0.0090230440 88.2778879436 0.9368263813 0.3489993751 0.0235747214 42.8629381166 -0.0189398730 -0.0166872412 0.9996813578 -0.1762795761
129 0.3373215146 -0.9413099316 -0.0122396266 88.7050794216 0.9411297529 0.3368945306 0.0278722713 44.0066046548 -0.0221129825 -0.0209209935 0.9995365566 -0.2037035348
130 0.3252793376 -0.9454411170 -0.0182878844 89.1162808165 0.9453883606 0.3247133683 0.0283209472 45.1406685033 -0.0208374673 -0.0265013719 0.9994315771 -0.2348141304
131 0.3148329321 -0.9489336760 -0.0201271836 89.5198868216 0.9489177743 0.3142199621 0.0286508808 46.2993685838 -0.0208634228 -0.0281192830 0.9993868238 -0.2552694872
132 0.3069904067 -0.9515150297 -0.0193917093 89.9226498615 0.9514973467 0.3064239093 0.0275170323 47.4749494763 -0.0202407864 -0.0268986249 0.9994332267 -0.2863158105
133 0.3031550388 -0.9527693686 -0.0180984169 90.3003324273 0.9526961453 0.3025916726 0.0284312207 48.6711060554 -0.0216119659 -0.0258613598 0.9994318951 -0.3228909148
134 0.2987411306 -0.9541722743 -0.0175786173 90.6698398528 0.9540740825 0.2981790160 0.0288430139 49.8155833915 -0.0222796293 -0.0253878977 0.9994293736 -0.3482178459
135 0.2953252140 -0.9552316044 -0.0177651325 91.0256472793 0.9551301068 0.2947524243 0.0291116388 50.9809705226 -0.0225720415 -0.0255654138 0.9994182871 -0.3818537691
136 0.2912822274 -0.9564552342 -0.0186560702 91.3747076078 0.9563478832 0.2906592089 0.0302646750 52.1429275799 -0.0235242482 -0.0266572552 0.9993678004 -0.4068727698
137 0.2867936940 -0.9578133694 -0.0185182768 91.7708628261 0.9576616029 0.2861331854 0.0318128050 53.3284539851 -0.0251720364 -0.0268579545 0.9993222798 -0.4305801556
138 0.2821219568 -0.9591758296 -0.0197212944 92.1302919512 0.9591608569 0.2815604531 0.0270954214 54.4964104843 -0.0204365367 -0.0265601069 0.9994382966 -0.4796473567
139 0.2788970472 -0.9599708545 -0.0259305901 92.4747950334 0.9602059449 0.2783439705 0.0230038598 55.6832674569 -0.0148654115 -0.0313144152 0.9993990329 -0.5145728779
140 0.2742618378 -0.9614003669 -0.0221309467 92.8052680928 0.9615158205 0.2737579022 0.0233224774 56.8253312926 -0.0163637168 -0.0276757208 0.9994830080 -0.5388650989
141 0.2700953041 -0.9625424182 -0.0236774106 93.1700477454 0.9624503488 0.2692123764 0.0348428256 57.9895070939 -0.0271634456 -0.0321992156 0.9991122848 -0.5452117893
142 0.2668375963 -0.9634774717 -0.0225578964 93.4977113173 0.9632460928 0.2658769423 0.0382938160 59.1539911719 -0.0308976045 -0.0319470353 0.9990118743 -0.5819705978
143 0.2643026356 -0.9641764984 -0.0225343452 93.8250136064 0.9639984984 0.2634028323 0.0364121275 60.3301187136 -0.0291721072 -0.0313468961 0.9990827595 -0.6216015033
144 0.2611250369 -0.9650496335 -0.0222018013 94.1527006150 0.9648768480 0.2602552408 0.0357753792 61.4962526847 -0.0287468814 -0.0307638512 0.9991132079 -0.6681780140
145 0.2584095785 -0.9657169202 -0.0248056407 94.4841876761 0.9656659289 0.2575154055 0.0342801646 62.6713394740 -0.0267171003 -0.0328122849 0.9991043742 -0.7121407724
146 0.2554364608 -0.9664464258 -0.0270835846 94.7931911580 0.9665298316 0.2545649012 0.0318872351 63.8258422727 -0.0239227743 -0.0343222549 0.9991244586 -0.7464807387
147 0.2525322220 -0.9671725885 -0.0283665454 95.1065204833 0.9672894990 0.2516169292 0.0322481962 64.9858835601 -0.0240520683 -0.0355823701 0.9990772708 -0.7770269238
148 0.2495958938 -0.9678980490 -0.0295847353 95.4294390060 0.9680602935 0.2486573325 0.0320748978 66.1693964290 -0.0236887696 -0.0366455703 0.9990475186 -0.8110863404
149 0.2480551557 -0.9682535955 -0.0308806503 95.7396924249 0.9685067603 0.2471596248 0.0301127061 67.3626225897 -0.0215242859 -0.0373777305 0.9990693722 -0.8560996735
150 0.2466150550 -0.9686023126 -0.0314733951 96.0342981904 0.9688906537 0.2457318253 0.0294409799 68.5759498202 -0.0207825863 -0.0377548671 0.9990708954 -0.8882097670
151 0.2446498916 -0.9690882819 -0.0318485857 96.3442800355 0.9693445063 0.2436797967 0.0314862623 69.7486480742 -0.0227521109 -0.0385753622 0.9989966381 -0.9115073157
152 0.2434089157 -0.9694101320 -0.0315609828 96.6516345006 0.9696179172 0.2423862074 0.0330154685 70.9191627704 -0.0243555827 -0.0386383537 0.9989563971 -0.9419372096
153 0.2429415143 -0.9695287835 -0.0315175929 96.9445615636 0.9697339893 0.2419191157 0.0330322802 72.1304533075 -0.0244010382 -0.0385885932 0.9989572112 -0.9704483490
154 0.2421888778 -0.9697486952 -0.0305289311 97.2483566487 0.9699712826 0.2412792530 0.0306599584 73.3330011080 -0.0223664569 -0.0370376873 0.9990635372 -1.0097465991
155 0.2413182521 -0.9700144812 -0.0289379939 97.5439910211 0.9702480582 0.2405594384 0.0273836106 74.5086323028 -0.0196011912 -0.0346851974 0.9992060500 -1.0392755961
156 0.2411382504 -0.9700435633 -0.0294589470 97.8440769732 0.9703025018 0.2403824872 0.0270058312 75.6942950004 -0.0191154178 -0.0350962288 0.9992011086 -1.0730825457
157 0.2412004306 -0.9699190398 -0.0328543520 98.1403147363 0.9702875943 0.2403496935 0.0278210214 76.9086360604 -0.0190876049 -0.0385886124 0.9990728614 -1.1000074026
158 0.2418745907 -0.9697600719 -0.0325896501 98.4381597352 0.9701056844 0.2410028161 0.0285062042 78.1508574222 -0.0197899812 -0.0385103312 0.9990622158 -1.1203281189
159 0.2411511047 -0.9698544619 -0.0350494991 98.7408197240 0.9702795727 0.2401944289 0.0293970604 79.3468063946 -0.0200921758 -0.0410969465 0.9989531248 -1.1428852298
160 0.2407364501 -0.9697816066 -0.0396181414 99.0429617984 0.9704305118 0.2397550011 0.0279671469 80.5389778841 -0.0176233771 -0.0451793648 0.9988234286 -1.1696669857
161 0.2394327902 -0.9700013606 -0.0420630398 99.3690401517 0.9707336354 0.2383312406 0.0295707431 81.7441678190 -0.0186587246 -0.0479122130 0.9986772611 -1.2033764081
162 0.2394723365 -0.9700240881 -0.0413070044 99.6794758612 0.9707003439 0.2383358945 0.0306079030 83.0304423640 -0.0198454613 -0.0474264694 0.9986775694 -1.2255873823
163 0.2382646052 -0.9702426812 -0.0431174857 99.9792128188 0.9710095566 0.2371031380 0.0303733932 84.2356872751 -0.0192462712 -0.0491043951 0.9986082012 -1.2520749163
164 0.2370076431 -0.9705959481 -0.0420818577 100.2940977054 0.9712690375 0.2357667543 0.0324113303 85.4779218383 -0.0215368028 -0.0485545384 0.9985883150 -1.2751609952
165 0.2357704694 -0.9708652919 -0.0428120403 100.6079430675 0.9715344062 0.2344283245 0.0341212272 86.6967434551 -0.0230907603 -0.0496381479 0.9985003110 -1.3038967985
166 0.2348205852 -0.9710534447 -0.0437550037 100.9095908185 0.9716698381 0.2332535282 0.0380856564 87.9283867941 -0.0267771988 -0.0514587134 0.9983160734 -1.3269133808
167 0.2339252276 -0.9713603779 -0.0416893773 101.2024990618 0.9718571377 0.2323886019 0.0385906940 89.1912418312 -0.0277973349 -0.0495434557 0.9983850731 -1.3705459809
168 0.2324872136 -0.9717323675 -0.0410597296 101.5024648606 0.9721554119 0.2308983670 0.0399974906 90.4098343096 -0.0293862317 -0.0492153435 0.9983557980 -1.4093038616
169 0.2312967052 -0.9721480399 -0.0378156401 101.7954271923 0.9724698170 0.2298906249 0.0381150315 91.6382277441 -0.0283599920 -0.0455904498 0.9985575706 -1.4459958906
170 0.2301090524 -0.9725214417 -0.0353817670 102.0894805376 0.9727675206 0.2288241955 0.0369166402 92.8699157781 -0.0278060198 -0.0429130868 0.9986917904 -1.4893097883
171 0.2287236792 -0.9728934460 -0.0341148258 102.3998352890 0.9730686932 0.2274513570 0.0374592915 94.1423778298 -0.0286844357 -0.0417638959 0.9987156653 -1.5231501391
172 0.2268638007 -0.9731581053 -0.0386796858 102.7065054992 0.9735560544 0.2255033107 0.0365631760 95.4072287133 -0.0268593539 -0.0459517033 0.9985825034 -1.5618071637
173 0.2247512548 -0.9734227328 -0.0439892799 103.0013141721 0.9741600210 0.2234280402 0.0330479093 96.6417169297 -0.0223411475 -0.0502801568 0.9984852422 -1.6003063736
174 0.2223818455 -0.9738510439 -0.0464807379 103.3025816941 0.9748178272 0.2212835352 0.0276369477 97.8793347454 -0.0166288483 -0.0514562073 0.9985367996 -1.6296021919
175 0.2212332850 -0.9740068597 -0.0486463865 103.5948462877 0.9750953101 0.2201288397 0.0270634461 99.1267464212 -0.0156515095 -0.0534221984 0.9984493472 -1.6561567486
176 0.2190560058 -0.9748408145 -0.0412292696 103.8857967415 0.9755324464 0.2180087506 0.0284364312 100.3803354317 -0.0187326522 -0.0464496612 0.9987449708 -1.6837579096
177 0.2168489743 -0.9755539070 -0.0356524452 104.1708927354 0.9760128007 0.2159366149 0.0277559214 101.6241780211 -0.0193787292 -0.0408160859 0.9989787345 -1.7095839177
178 0.2146836293 -0.9762890081 -0.0277616981 104.4475042212 0.9764178940 0.2138754593 0.0294174118 102.8817461228 -0.0227823498 -0.0334224554 0.9991816171 -1.7331574557
179 0.2106164742 -0.9771709717 -0.0278853523 104.7298603501 0.9773949633 0.2099554586 0.0248554026 104.1550244015 -0.0184332960 -0.0324899601 0.9993020645 -1.7784058818
180 0.2064004836 -0.9781599424 -0.0245350244 104.9895409631 0.9782930395 0.2058251526 0.0240569205 105.3928642535 -0.0184815908 -0.0289678036 0.9994094742 -1.8175426762
181 0.2023233265 -0.9789748926 -0.0259505524 105.2544664000 0.9791726951 0.2017644322 0.0226262484 106.6319008926 -0.0169146306 -0.0299878901 0.9994071351 -1.8462547935
182 0.1993662890 -0.9795669217 -0.0264901620 105.5091543487 0.9797621030 0.1987673442 0.0236170368 107.8777075832 -0.0178690889 -0.0306624978 0.9993700550 -1.8686896308
183 0.1978475815 -0.9799286676 -0.0244159950 105.7677946462 0.9800451769 0.1972610212 0.0244855231 109.1636676887 -0.0191777418 -0.0287731796 0.9994019804 -1.8949330619
184 0.1970177915 -0.9801981554 -0.0198888418 106.0151194376 0.9801022238 0.1964175537 0.0286317215 110.4075099342 -0.0241582429 -0.0251340566 0.9993921445 -1.9260785749
185 0.1957183485 -0.9804411651 -0.0207231704 106.2877831614 0.9802638230 0.1949948385 0.0325553428 111.6588780667 -0.0278776869 -0.0266858521 0.9992550725 -1.9514856142
186 0.1961619270 -0.9804064037 -0.0179939440 106.5277011217 0.9802434715 0.1955886556 0.0294586885 112.9147731539 -0.0253620755 -0.0234171192 0.9994040242 -1.9972720921
187 0.1961997663 -0.9804413592 -0.0155046092 106.7833064778 0.9803271707 0.1957804090 0.0250732904 114.1462029617 -0.0215473922 -0.0201189633 0.9995653742 -2.0406162710
188 0.1982934953 -0.9800517509 -0.0133512318 107.0342108157 0.9799323726 0.1979503797 0.0234135085 115.3980133318 -0.0203035686 -0.0177260506 0.9996367101 -2.0578070880
189 0.2016880109 -0.9794091929 -0.0089207114 107.2826912824 0.9792810578 0.2014758293 0.0203985309 116.6423870463 -0.0181812009 -0.0128500227 0.9997521297 -2.0933459945
190 0.2051885041 -0.9787046894 -0.0058999011 107.5379209323 0.9786337591 0.2050850153 0.0147004131 117.8765820379 -0.0131773818 -0.0087901981 0.9998745366 -2.1252538248
191 0.2092493849 -0.9778569813 -0.0032278704 107.7917351340 0.9777880230 0.2091916616 0.0130165577 119.1198491625 -0.0120530882 -0.0058798796 0.9999100710 -2.1513845227
192 0.2130107290 -0.9770477259 -0.0020422077 108.0482952829 0.9769375535 0.2129540888 0.0156068126 120.3733343545 -0.0148137042 -0.0053195279 0.9998761207 -2.1672731394
193 0.2154647771 -0.9765096844 -0.0019406521 108.3331933515 0.9763558577 0.2153944912 0.0182880362 121.5985810727 -0.0174404386 -0.0058351947 0.9998308765 -2.2017886031
194 0.2168058246 -0.9762105722 -0.0028553728 108.6106539648 0.9760013006 0.2166963313 0.0215444025 122.8131896613 -0.0204131246 -0.0074577995 0.9997638149 -2.2225776098
195 0.2180767228 -0.9759256327 -0.0034208925 108.9040786006 0.9756710039 0.2179361422 0.0238732065 124.0466650906 -0.0225529380 -0.0085438562 0.9997091415 -2.2456739650
196 0.2211061051 -0.9752349800 -0.0053688124 109.1445211984 0.9750124581 0.2209275211 0.0232752449 125.2679833563 -0.0215127146 -0.0103809577 0.9997146787 -2.2870869547
197 0.2224116621 -0.9749264603 -0.0071728368 109.4237912847 0.9746973156 0.2221789197 0.0245289769 126.5123468245 -0.0223202954 -0.0124468752 0.9996733865 -2.3004356808
198 0.2228282549 -0.9748318109 -0.0071069844 109.7050426515 0.9745964290 0.2225938316 0.0247747206 127.7235331969 -0.0225692148 -0.0124469493 0.9996677968 -2.3340469990
199 0.2223173545 -0.9749591993 -0.0054363226 109.9900184022 0.9747565975 0.2221464053 0.0223729792 128.9174230414 -0.0206050823 -0.0102729928 0.9997349130 -2.3637562297
200 0.2231822055 -0.9747616141 -0.0054312795 110.2690005573 0.9746097530 0.2230373767 0.0197524174 130.1079602561 -0.0180425199 -0.0097017660 0.9997901496 -2.4142586605
201 0.2265069388 -0.9740092316 0.0007895329 110.5341480268 0.9738358576 0.2264817796 0.0187009604 131.3205339757 -0.0183937228 -0.0034670217 0.9998248100 -2.4320498228
202 0.2293214445 -0.9733479050 0.0023517882 110.8037597232 0.9731757163 0.2293253573 0.0184093938 132.5118080318 -0.0184580695 -0.0019329656 0.9998277668 -2.4614718793
203 0.2323200782 -0.9726358833 0.0026114703 111.0828799338 0.9724417682 0.2323261593 0.0195336422 133.6911183055 -0.0196058342 -0.0019985544 0.9998057897 -2.4919202625
204 0.2349446265 -0.9720043027 0.0029424430 111.3623524634 0.9717644240 0.2349523631 0.0217092469 134.8726701853 -0.0217928153 -0.0022411094 0.9997599965 -2.5208901449
205 0.2374447504 -0.9713987239 0.0021236182 111.6528771562 0.9711463557 0.2374319858 0.0223787359 136.0785649659 -0.0222428904 -0.0032513693 0.9997473093 -2.5384674235
206 0.2396374890 -0.9708617317 -0.0011712338 111.9462928347 0.9706472520 0.2395588021 0.0213422704 137.2620068553 -0.0204398142 -0.0062512629 0.9997715418 -2.5733324690
207 0.2430366836 -0.9700164873 0.0010885125 112.2254465822 0.9697906353 0.2430040374 0.0213345131 138.4376313853 -0.0209593423 -0.0041294400 0.9997718008 -2.5959097272
208 0.2469330753 -0.9690325356 0.0000363036 112.5170670371 0.9687607552 0.2468647060 0.0236731109 139.6527499719 -0.0229489767 -0.0058105045 0.9997197520 -2.6149842684
209 0.2506050729 -0.9680892516 -0.0005462221 112.8147144368 0.9678162604 0.2505209229 0.0238946299 140.8226618403 -0.0229952943 -0.0065167580 0.9997143333 -2.6496373092
210 0.2552734504 -0.9668680531 -0.0012780930 113.1205327162 0.9666094964 0.2551741217 0.0234999790 141.9978768745 -0.0223952427 -0.0072343375 0.9997230204 -2.6730504016
211 0.2597517809 -0.9656734293 0.0019596401 113.4229245337 0.9653555549 0.2597174346 0.0252092621 143.1553956691 -0.0248528673 -0.0046564012 0.9996802753 -2.7157501308
212 0.2647807896 -0.9643071087 0.0017127952 113.7371062696 0.9638245803 0.2647037327 0.0312107729 144.3782965504 -0.0305501535 -0.0066131789 0.9995113576 -2.7381580285
213 0.2693204007 -0.9630419506 0.0040893929 114.0544265964 0.9626471319 0.2693280404 0.0278011890 145.5270190520 -0.0278750995 -0.0035507850 0.9996051074 -2.7783024746
214 0.2758381916 -0.9611966028 0.0037924802 114.3684162143 0.9609017345 0.2758482340 0.0239918390 146.6854493964 -0.0241070231 -0.0029736646 0.9997049609 -2.8192052824
215 0.2818221761 -0.9594659019 0.0012017343 114.6965446502 0.9592589749 0.2817870126 0.0204523477 147.8299802842 -0.0199619633 -0.0046111507 0.9997901066 -2.8501252125
216 0.2877796783 -0.9576958297 -0.0012467619 115.0639607263 0.9575371287 0.2877077430 0.0186253020 149.0447289085 -0.0174786709 -0.0065538042 0.9998257567 -2.8780536427
217 0.2942505781 -0.9557032902 -0.0069150792 115.4156031814 0.9556058584 0.2940893597 0.0181353787 150.1958559696 -0.0152983899 -0.0119444358 0.9998116271 -2.9018197855
218 0.3014775934 -0.9534338962 -0.0086640828 115.7672708052 0.9533425021 0.3012733174 0.0192992719 151.3296349809 -0.0157903230 -0.0140781364 0.9997762108 -2.9251833446
219 0.3099567849 -0.9507013137 -0.0096852246 116.1199843998 0.9504704152 0.3096020325 0.0274330323 152.4760330934 -0.0230820546 -0.0177085739 0.9995767230 -2.9454293748
220 0.3178007248 -0.9480933018 -0.0110358667 116.5245375287 0.9478084855 0.3173464226 0.0308273078 153.6201242075 -0.0257249712 -0.0202568288 0.9994637996 -2.9654847924
221 0.3264176030 -0.9451243994 -0.0138353951 116.9039514364 0.9449208091 0.3259056539 0.0301690111 154.7522111106 -0.0240044350 -0.0229210490 0.9994490545 -2.9929118084
222 0.3349837330 -0.9420719027 -0.0169242067 117.3116511762 0.9419784625 0.3344324790 0.0288356243 155.8918543288 -0.0215052271 -0.0256017032 0.9994408827 -3.0268123060
223 0.3430926543 -0.9390748941 -0.0206342890 117.7517475368 0.9390714927 0.3424396563 0.0296616491 157.0124712542 -0.0207885111 -0.0295537665 0.9993469931 -3.0575334267
224 0.3546272500 -0.9347878035 -0.0202799401 118.1475913058 0.9347767628 0.3539741340 0.0299118061 158.1893169852 -0.0207826172 -0.0295647582 0.9993467906 -3.0830153338
225 0.3655597881 -0.9305586999 -0.0206530206 118.5749015612 0.9305682345 0.3649015611 0.0298263587 159.3025834459 -0.0202188581 -0.0301223622 0.9993417039 -3.1090972981
226 0.3771066184 -0.9259472532 -0.0203047439 119.0126761774 0.9259391884 0.3764328243 0.0305769212 160.4142596665 -0.0206692441 -0.0303317174 0.9993261576 -3.1399553007
227 0.3880499606 -0.9214157970 -0.0202523349 119.4848718745 0.9213683100 0.3873107031 0.0327239456 161.5349278819 -0.0223084143 -0.0313583853 0.9992592188 -3.1609826533
228 0.3990161860 -0.9166580931 -0.0228915648 119.9537849108 0.9166930917 0.3981988714 0.0333381828 162.6302536232 -0.0214443198 -0.0342870138 0.9991819363 -3.1913610009
229 0.4097398801 -0.9118720887 -0.0245463754 120.4438328184 0.9119733554 0.4088856796 0.0334230470 163.7268475790 -0.0204408823 -0.0360803956 0.9991398177 -3.2151083321
230 0.4209867682 -0.9066463638 -0.0276136179 120.9571771453 0.9068532602 0.4200320958 0.0344993181 164.8605681643 -0.0196800755 -0.0395652558 0.9990231655 -3.2384974634
231 0.4315597587 -0.9016176979 -0.0290120934 121.4701919062 0.9018783908 0.4305508209 0.0352329223 165.9544957634 -0.0192754456 -0.0413704914 0.9989579269 -3.2670075149
232 0.4421847336 -0.8964729040 -0.0284428157 122.0140335842 0.8966424404 0.4410290833 0.0390599769 167.0346078731 -0.0224721020 -0.0427747611 0.9988319801 -3.2862173432
233 0.4542258687 -0.8906456143 -0.0207183451 122.5500262933 0.8904093191 0.4530986545 0.0432764794 168.1388664946 -0.0291565523 -0.0381051039 0.9988482850 -3.3037468060
234 0.4664653093 -0.8844427238 -0.0130837141 123.0917538544 0.8838663798 0.4654824060 0.0458950154 169.2144746210 -0.0345012736 -0.0329726875 0.9988605829 -3.3364693469
235 0.4795353633 -0.8774956143 -0.0068762050 123.6601403693 0.8767660623 0.4787819557 0.0452671068 170.2747243937 -0.0364294848 -0.0277360017 0.9989512535 -3.3856009725
236 0.4952375063 -0.8687484916 -0.0039837986 124.2351369896 0.8680173382 0.4946210352 0.0435423031 171.3589681986 -0.0358568395 -0.0250217878 0.9990436413 -3.4254746506
237 0.5091248855 -0.8606906892 -0.0018407862 124.8477660857 0.8599742719 0.5086114116 0.0419366615 172.4151132672 -0.0351582492 -0.0229340267 0.9991185755 -3.4671865074
238 0.5233939101 -0.8520849894 -0.0031599960 125.4704113139 0.8514154310 0.5228278113 0.0417473788 173.4697924423 -0.0339201810 -0.0245407931 0.9991232010 -3.5096541005
239 0.5375707962 -0.8432169106 -0.0016972746 126.1020440104 0.8424747381 0.5370109372 0.0430763147 174.5089593048 -0.0354112220 -0.0245864797 0.9990703431 -3.5617463068
