0 1.0000000000 0.0000000000 0.0000000000 0.0000000000 0.0000000000 1.0000000000 0.0000000000 0.0000000000 0.0000000000 0.0000000000 1.0000000000 0.0000000000
1 0.9999999959 -0.0000022535 -0.0000907964 0.0001072635 0.0000022528 1.0000000000 -0.0000080551 0.0000212939 0.0000907964 0.0000080549 0.9999999958 -0.0001700840
2 0.9999999981 0.0000063899 -0.0000613763 0.0001496404 -0.0000063893 0.9999999999 0.0000094882 0.0000315923 0.0000613763 -0.0000094878 0.9999999981 -0.0002212667
3 0.9999999976 -0.0000064020 -0.0000684964 0.0000975938 0.0000064010 0.9999999999 -0.0000143693 -0.0000140206 0.0000684964 0.0000143689 0.9999999976 -0.0000031685
4 0.9999999979 0.0000063357 -0.0000638012 0.0001968213 -0.0000063371 0.9999999997 -0.0000214590 0.0001051292 0.0000638011 0.0000214594 0.9999999977 -0.0000600265
5 1.0000000000 -0.0000080691 -0.0000036199 -0.0000111161 0.0000080692 0.9999999994 0.0000324374 -0.0000340707 0.0000036197 -0.0000324374 0.9999999995 0.0000985964
6 0.9999999965 -0.0000103645 -0.0000826832 0.0002585782 0.0000103655 0.9999999999 0.0000115481 -0.0000364192 0.0000826831 -0.0000115490 0.9999999965 -0.0000984022
7 0.9999999984 -0.0000026762 -0.0000559830 0.0001179645 0.0000026772 0.9999999998 0.0000179745 -0.0000192141 0.0000559830 -0.0000179746 0.9999999983 -0.0000899164
8 0.9999999989 -0.0000077311 -0.0000458836 0.0001001956 0.0000077316 0.9999999999 0.0000106541 -0.0000617969 0.0000458835 -0.0000106544 0.9999999989 -0.0000365202
9 0.9999999945 0.0000124375 -0.0001043761 0.0002107484 -0.0000124375 0.9999999999 -0.0000002250 0.0000604381 0.0001043761 0.0000002263 0.9999999946 -0.0001420421
10 0.9999999999 -0.0000026256 -0.0000157563 0.0000101050 0.0000026261 0.9999999995 0.0000324138 -0.0000906507 0.0000157562 -0.0000324138 0.9999999994 -0.0000374797
11 0.9999999990 0.0000058664 -0.0000452290 0.0001443793 -0.0000058655 0.9999999998 0.0000204127 -0.0000159841 0.0000452291 -0.0000204124 0.9999999988 -0.0000905581
12 0.9999999932 0.0000214006 -0.0001143452 0.0002268209 -0.0000213997 0.9999999997 0.0000082471 0.0001099778 0.0001143453 -0.0000082446 0.9999999934 -0.0001951137
13 0.9999999999 0.0000023801 0.0000113615 -0.0000040390 -0.0000023805 0.9999999994 0.0000332345 -0.0000096636 -0.0000113615 -0.0000332345 0.9999999994 0.0000843218
14 0.9999999929 0.0000313494 -0.0001153608 0.0001165145 -0.0000313515 0.9999999993 -0.0000183989 -0.0000227748 0.0001153602 0.0000184025 0.9999999932 -0.0002177659
15 0.9999998837 0.0000999521 -0.0004718447 0.0000582456 -0.0000998383 0.9999999660 0.0002410121 0.0002172347 0.0004718688 -0.0002409650 0.9999998596 -0.0005740535
16 0.9999999148 0.0000860499 -0.0004038242 -0.0004067330 -0.0000859049 0.9999999318 0.0003591233 -0.0000453305 0.0004038551 -0.0003590886 0.9999998540 -0.0008556422
17 0.9999997836 0.0001251382 -0.0006458146 0.0002573710 -0.0001248858 0.9999999158 0.0003907810 0.0003583465 0.0006458634 -0.0003907003 0.9999997151 -0.0010374579
18 0.9999997869 0.0001373298 -0.0006382011 0.0002390413 -0.0001370695 0.9999999074 0.0004078887 0.0002940609 0.0006382571 -0.0004078011 0.9999997132 -0.0008942945
19 0.9999998920 0.0000741744 -0.0004587327 -0.0002666893 -0.0000739741 0.9999999019 0.0004366640 -0.0000654706 0.0004587651 -0.0004366300 0.9999997994 -0.0008184320
20 0.9999998168 0.0001233206 -0.0005926803 -0.0000259928 -0.0001230296 0.9999998718 0.0004911095 0.0001102078 0.0005927408 -0.0004910365 0.9999997038 -0.0007699063
21 0.9999997574 0.0001101250 -0.0006878175 0.0002020112 -0.0001097890 0.9999998747 0.0004884647 0.0001473624 0.0006878712 -0.0004883890 0.9999996442 -0.0011620984
22 0.9999997776 0.0000978477 -0.0006597203 0.0000242872 -0.0000975489 0.9999998927 0.0004529662 0.0000052504 0.0006597646 -0.0004529018 0.9999996798 -0.0009295126
23 0.9999997467 0.0001364793 -0.0006985905 -0.0001184244 -0.0001360872 0.9999998333 0.0005611769 0.0001907266 0.0006986670 -0.0005610817 0.9999995985 -0.0011072333
24 0.9999994003 0.0001611171 -0.0010832947 -0.0004012140 -0.0001602666 0.9999996789 0.0007852007 0.0001153955 0.0010834209 -0.0007850266 0.9999991050 -0.0018018697
25 0.9999991170 0.0001565091 -0.0013196403 -0.0004167266 -0.0001548906 0.9999992359 0.0012264991 -0.0002838809 0.0013198312 -0.0012262936 0.9999983771 -0.0021245916
26 0.9999992245 0.0001247020 -0.0012391158 -0.0008309139 -0.0001237911 0.9999997221 0.0007351234 -0.0000189339 0.0012392072 -0.0007349695 0.9999989621 -0.0018267662
27 0.9999985992 0.0002985243 -0.0016469352 -0.0011172041 -0.0002977761 0.9999998523 0.0004545669 0.0001071969 0.0016470706 -0.0004540758 0.9999985405 -0.0026429428
28 0.9999956330 0.0014543758 -0.0025726937 -0.0047105219 -0.0014549813 0.9999989142 -0.0002335273 0.0005630322 0.0025723513 0.0002372695 0.9999966634 -0.0046847264
29 0.9999882302 0.0032295174 -0.0036207251 -0.0157730887 -0.0032289869 0.9999947752 0.0001523719 0.0010623920 0.0036211982 -0.0001406789 0.9999934335 -0.0053630918
30 0.9999744127 0.0055299456 -0.0045380223 -0.0349940967 -0.0055288377 0.9999846829 0.0002566498 0.0004518594 0.0045393720 -0.0002315533 0.9999896702 -0.0072182603
31 0.9999456296 0.0094889847 -0.0043240154 -0.0604714355 -0.0094838455 0.9999542983 0.0012074848 0.0009980081 0.0043352756 -0.0011664108 0.9999899224 -0.0050104846
32 0.9998832727 0.0146768515 -0.0042462849 -0.0929759540 -0.0146666171 0.9998894832 0.0024313975 0.0010757860 0.0042815008 -0.0023688351 0.9999880286 -0.0033576390
33 0.9997781975 0.0205961126 -0.0043995405 -0.1326951616 -0.0205775275 0.9997793177 0.0042286321 -0.0002244497 0.0044856629 -0.0041371625 0.9999813812 -0.0021521222
34 0.9996296690 0.0268499337 -0.0044278604 -0.1783984738 -0.0268196060 0.9996173508 0.0067720610 -0.0007665277 0.0046079955 -0.0066507996 0.9999672661 -0.0018742450
35 0.9994556091 0.0328351204 -0.0032156225 -0.2234526393 -0.0328102686 0.9994334713 0.0074981789 0.0001090876 0.0034600044 -0.0073885915 0.9999667180 0.0001313317
36 0.9992317631 0.0391498581 -0.0017810632 -0.2654761569 -0.0391368698 0.9992105771 0.0068211413 0.0026500559 0.0020467039 -0.0067461958 0.9999751496 0.0012300862
37 0.9989559545 0.0456725640 -0.0010089455 -0.3051297173 -0.0456645867 0.9989332134 0.0068688211 0.0053334276 0.0013215858 -0.0068155767 0.9999759004 0.0032020377
38 0.9987063981 0.0508442958 -0.0006228257 -0.3414641681 -0.0508377034 0.9986748937 0.0079990393 0.0060174201 0.0010287059 -0.0079570287 0.9999678132 0.0041241924
39 0.9984837698 0.0550454820 -0.0003953686 -0.3709719133 -0.0550396101 0.9984426565 0.0091051112 0.0064318675 0.0008959481 -0.0090695448 0.9999584695 0.0048879166
40 0.9981883535 0.0601653019 -0.0003839701 -0.3981904399 -0.0601590716 0.9981448018 0.0093723393 0.0086573951 0.0009471474 -0.0093322606 0.9999560049 0.0036251255
41 0.9979100161 0.0646159771 -0.0006126720 -0.4231741616 -0.0646072843 0.9978656952 0.0094843680 0.0105523234 0.0012242061 -0.0094249628 0.9999548347 0.0032927897
42 0.9976648291 0.0682892350 -0.0012120722 -0.4494006892 -0.0682758511 0.9976269444 0.0088818897 0.0121506487 0.0018157333 -0.0087783937 0.9999598207 0.0029330684
43 0.9973339173 0.0729556931 -0.0015887633 -0.4795454524 -0.0729400687 0.9973015907 0.0083236745 0.0152794400 0.0021917356 -0.0081855984 0.9999640955 0.0011687707
44 0.9969888866 0.0775374618 -0.0010497895 -0.5108167041 -0.0775294439 0.9969704528 0.0062531284 0.0194403210 0.0015314608 -0.0061529100 0.9999798980 0.0005263399
45 0.9967239937 0.0808781781 0.0000255986 -0.5412049315 -0.0808779009 0.9967196433 0.0029525889 0.0243426615 0.0002132854 -0.0029449865 0.9999956408 0.0005382055
46 0.9964413643 0.0842747906 0.0015385819 -0.5686728377 -0.0842736823 0.9964423471 -0.0007716040 0.0303288197 -0.0015981349 0.0006391962 0.9999985187 0.0019444018
47 0.9961218633 0.0879309285 0.0030635228 -0.5900154992 -0.0879183551 0.9961195631 -0.0040222971 0.0356950957 -0.0034053194 0.0037373582 0.9999872179 0.0024522276
48 0.9958852043 0.0905185107 0.0043656658 -0.6064178043 -0.0904924230 0.9958800020 -0.0058432026 0.0367342346 -0.0048765973 0.0054240993 0.9999733986 0.0026433219
49 0.9956900087 0.0925799662 0.0055096709 -0.6174312158 -0.0925340474 0.9956767702 -0.0080758484 0.0382095067 -0.0062335131 0.0075312094 0.9999522110 0.0024673151
50 0.9955017464 0.0945477521 0.0060823913 -0.6231971713 -0.0944894307 0.9954828715 -0.0092520280 0.0421341438 -0.0069296748 0.0086356883 0.9999387004 0.0021549327
51 0.9954463608 0.0951406221 0.0058995635 -0.6270813407 -0.0950772595 0.9954173909 -0.0102241227 0.0421760865 -0.0068452575 0.0096166514 0.9999303288 0.0020537992
52 0.9954442033 0.0951731700 0.0057363662 -0.6279194934 -0.0951132800 0.9954168390 -0.0099388403 0.0422207074 -0.0066559864 0.0093479563 0.9999341546 0.0021487030
53 0.9954666310 0.0949416036 0.0056814230 -0.6259760977 -0.0948833081 0.9954404003 -0.0097758524 0.0414383010 -0.0065836531 0.0091924626 0.9999360750 0.0013804275
54 0.9954946915 0.0946736393 0.0052173979 -0.6234635553 -0.0946219485 0.9954689406 -0.0093954887 0.0412417360 -0.0060832626 0.0088594788 0.9999422501 0.0008013184
55 0.9955345969 0.0942806765 0.0046925837 -0.6210228718 -0.0942349782 0.9955078623 -0.0091577854 0.0414252392 -0.0055349061 0.0086746866 0.9999470559 -0.0007622470
56 0.9955441359 0.0941948627 0.0043819336 -0.6199932570 -0.0941529322 0.9955174845 -0.0089534043 0.0408564105 -0.0052056562 0.0085009372 0.9999503164 -0.0010155771
57 0.9955412079 0.0942330306 0.0042236564 -0.6202027715 -0.0941923243 0.9955135413 -0.0089774743 0.0404269759 -0.0050506817 0.0085396095 0.9999507816 -0.0018579230
58 0.9955278768 0.0943579788 0.0045627130 -0.6214359703 -0.0943137159 0.9955009320 -0.0091004034 0.0406930269 -0.0054008807 0.0086293789 0.9999481808 0.0000091312
59 0.9954719005 0.0949458327 0.0045808430 -0.6229612718 -0.0948973426 0.9954383995 -0.0098431232 0.0425075041 -0.0054945106 0.0093638428 0.9999410627 -0.0002935357
60 0.9953111639 0.0966419391 0.0040028257 -0.6289396190 -0.0965918329 0.9952606231 -0.0112387699 0.0428305090 -0.0050699913 0.0107994328 0.9999288312 -0.0016214200
61 0.9949233692 0.1006008104 0.0026394035 -0.6422411852 -0.1005559627 0.9948378309 -0.0136450903 0.0468665743 -0.0039984856 0.0133104115 0.9999034179 -0.0062534325
62 0.9941673784 0.1078422388 0.0011293032 -0.6699330372 -0.1078072319 0.9940241122 -0.0171366601 0.0523293386 -0.0029706104 0.0169149614 0.9998525189 -0.0074868563
63 0.9927944756 0.1198289186 -0.0003994311 -0.7179552535 -0.1198122509 0.9925886587 -0.0203169669 0.0614047721 -0.0020380894 0.0202184293 0.9997935093 -0.0133069642
64 0.9905736868 0.1369808234 -0.0001582680 -0.7917793481 -0.1369524876 0.9903439169 -0.0215160945 0.0713168782 -0.0027905526 0.0213349523 0.9997684895 -0.0127045431
65 0.9872070213 0.1594105339 0.0032525182 -0.8883231303 -0.1593386119 0.9870915490 -0.0161703632 0.0815131282 -0.0057882594 0.0154452443 0.9998639610 -0.0041325516
66 0.9828857658 0.1838088796 0.0122420295 -1.0034681861 -0.1837812458 0.9829614429 -0.0033549134 0.0890526597 -0.0126501059 0.0010476411 0.9999194354 0.0186435797
67 0.9776608613 0.2090838949 0.0215212720 -1.1296493539 -0.2092878813 0.9778238889 0.0076827743 0.0986934036 -0.0194376695 -0.0120152892 0.9997388708 0.0369245671
68 0.9708046194 0.2384925707 0.0256843285 -1.2606727354 -0.2388053849 0.9710175235 0.0098466797 0.1249833360 -0.0225915731 -0.0156927581 0.9996216075 0.0428708545
69 0.9622558373 0.2713142513 0.0212668906 -1.3868741426 -0.2713700156 0.9624750593 -0.0002735932 0.1728370298 -0.0205430815 -0.0055079298 0.9997737967 0.0351109365
70 0.9529641975 0.3027414488 0.0143824028 -1.5183882346 -0.3026564491 0.9530677119 -0.0078109119 0.2219529983 -0.0160720905 0.0030905924 0.9998660591 0.0226593492
71 0.9426836571 0.3334592485 0.0123471532 -1.6571426147 -0.3334231363 0.9427643615 -0.0049366820 0.2647095685 -0.0132866382 0.0005369029 0.9999115846 0.0195953072
72 0.9307733878 0.3653748767 0.0127318495 -1.7979286449 -0.3654156432 0.9308439698 0.0009547274 0.3111900408 -0.0115025320 -0.0055410518 0.9999184909 0.0224948065
73 0.9171000941 0.3983753133 0.0149842336 -1.9412288885 -0.3984984849 0.9171475025 0.0062782241 0.3653930434 -0.0112416629 -0.0117289543 0.9998680196 0.0261927081
74 0.9021042082 0.4312247849 0.0159117080 -2.0824316794 -0.4313843747 0.9021294679 0.0083632759 0.4285813869 -0.0107479689 -0.0144086086 0.9998384235 0.0280049727
75 0.8858690612 0.4636466934 0.0163630715 -2.2273836516 -0.4638474029 0.8858367798 0.0117807623 0.4981675594 -0.0090328991 -0.0180261810 0.9997967111 0.0289346934
76 0.8679106969 0.4964966918 0.0149015857 -2.3725300609 -0.4966536437 0.8678950257 0.0096634676 0.5780181308 -0.0081351324 -0.0157879537 0.9998422676 0.0291544381
77 0.8469760678 0.5314373732 0.0143477867 -2.5150981226 -0.5316179572 0.8468359404 0.0158504765 0.6652338973 -0.0037266858 -0.0210525153 0.9997714256 0.0286636542
78 0.8256884116 0.5639554340 0.0138894017 -2.6619419783 -0.5641149732 0.8252642981 0.0267045928 0.7498398685 0.0035977729 -0.0298848923 0.9995468720 0.0279439298
79 0.8048692958 0.5931397510 0.0192523397 -2.8059773523 -0.5934327933 0.8041576473 0.0341759878 0.8364716798 0.0047892207 -0.0389321730 0.9992303785 0.0319524190
80 0.7839031113 0.6205839673 0.0192730832 -2.9361504222 -0.6208824472 0.7834770314 0.0258597776 0.9362801209 0.0009481454 -0.0322378793 0.9994797748 0.0347686621
81 0.7610704146 0.6484929551 0.0151232030 -3.0474772325 -0.6486568936 0.7609930556 0.0115673526 1.0480864251 -0.0040073058 -0.0186133398 0.9998187261 0.0359375898
82 0.7392072749 0.6734406994 0.0070872560 -3.1532074085 -0.6734584645 0.7392250466 0.0001642281 1.1575588908 -0.0051284793 -0.0048943712 0.9999748716 0.0395424167
83 0.7178096217 0.6962076628 0.0066511162 -3.2548016446 -0.6962034132 0.7178369046 -0.0033144723 1.2598650139 -0.0070819777 -0.0022513698 0.9999723881 0.0465841353
84 0.6965756874 0.7174347586 0.0083473901 -3.3523697330 -0.7174243873 0.6966204444 -0.0047122112 1.3547607204 -0.0091956667 -0.0027062096 0.9999540570 0.0548727473
85 0.6751065003 0.7376332837 0.0113292578 -3.4363233945 -0.7376267969 0.6751858219 -0.0055510666 1.4473055858 -0.0117440057 -0.0046092030 0.9999204136 0.0616107111
86 0.6565540134 0.7541678237 0.0129507228 -3.5129807874 -0.7541478047 0.6566632764 -0.0073776780 1.5309397263 -0.0140682715 -0.0049229151 0.9998889182 0.0655498374
87 0.6406985492 0.7676807061 0.0131035316 -3.5782683101 -0.7676327137 0.6408200908 -0.0094672070 1.6090263380 -0.0156647984 -0.0039930738 0.9998693262 0.0644796996
88 0.6259950432 0.7797135327 0.0133046217 -3.6341009875 -0.7796509312 0.6261251460 -0.0105700995 1.6757146910 -0.0165720078 -0.0037561309 0.9998556196 0.0641201837
89 0.6125225119 0.7903390195 0.0134315584 -3.6796830901 -0.7902935575 0.6126518623 -0.0096844487 1.7326788948 -0.0158828670 -0.0046829312 0.9998628929 0.0639378220
90 0.6019833139 0.7984304412 0.0111767778 -3.7174088389 -0.7983819044 0.6020781827 -0.0093913023 1.7810061528 -0.0142275956 -0.0032699299 0.9998934359 0.0622236714
91 0.5932055031 0.8050168954 0.0074181686 -3.7461631123 -0.8049643728 0.5932516666 -0.0092097018 1.8234172261 -0.0118148064 -0.0005081157 0.9999300736 0.0608065573
92 0.5861804704 0.8101788908 0.0016189660 -3.7644694318 -0.8101272649 0.5861636864 -0.0102930781 1.8577003070 -0.0092882136 0.0047220328 0.9999457143 0.0605799949
93 0.5810389700 0.8138730212 -0.0021025759 -3.7814880433 -0.8138418470 0.5809892610 -0.0106266943 1.8848146523 -0.0074272058 0.0078856877 0.9999413246 0.0589407558
94 0.5776978911 0.8162422292 -0.0037107731 -3.7949241248 -0.8162205701 0.5776315854 -0.0112130446 1.9035477824 -0.0070091007 0.0095065615 0.9999302465 0.0595664239
95 0.5760814265 0.8173840087 -0.0036840727 -3.8001596104 -0.8173627614 0.5760164256 -0.0110992657 1.9113511698 -0.0069502759 0.0094053046 0.9999316146 0.0586567961
96 0.5758302317 0.8175601196 -0.0038723535 -3.7981615747 -0.8175331139 0.5757537367 -0.0121343451 1.9111550580 -0.0076910346 0.0101530999 0.9999188780 0.0610242427
97 0.5754954112 0.8177847963 -0.0057496759 -3.7956479362 -0.8177768083 0.5754029580 -0.0123502124 1.9086001829 -0.0067914353 0.0118094421 0.9999072024 0.0605059935
98 0.5743280260 0.8185829225 -0.0083257213 -3.7953447580 -0.8186091374 0.5742231775 -0.0121170346 1.9117270620 -0.0051379754 0.0137746640 0.9998919241 0.0594117196
99 0.5725781216 0.8197863786 -0.0102268313 -3.8015102783 -0.8198413413 0.5724695339 -0.0117816700 1.9221070490 -0.0038039032 0.0151303055 0.9998782947 0.0588775655
100 0.5698164088 0.8216882610 -0.0117329446 -3.8130484152 -0.8217661150 0.5697000835 -0.0119275770 1.9400017814 -0.0031164904 0.0164382653 0.9998600257 0.0573199865
101 0.5663846516 0.8240406078 -0.0128648078 -3.8271958907 -0.8241359853 0.5662575975 -0.0123373806 1.9632753683 -0.0028817075 0.0175900540 0.9998411303 0.0570730627
102 0.5631550305 0.8262525210 -0.0127743173 -3.8446853985 -0.8263440209 0.5630180774 -0.0128919945 1.9886408643 -0.0034598714 0.0178161722 0.9998352931 0.0588317872
103 0.5606265721 0.8279898327 -0.0114316975 -3.8615272552 -0.8280535174 0.5604791148 -0.0138034086 2.0125668213 -0.0050218542 0.0172046149 0.9998393782 0.0618220204
104 0.5587248478 0.8292940566 -0.0098950567 -3.8754965556 -0.8293191260 0.5585542280 -0.0157150104 2.0319322837 -0.0075054390 0.0169865265 0.9998275483 0.0636698997
105 0.5572544331 0.8302968254 -0.0086416781 -3.8839546009 -0.8302772925 0.5570512465 -0.0182627018 2.0463535357 -0.0103496057 0.0173519605 0.9997958767 0.0676746737
106 0.5568625214 0.8305662010 -0.0079948745 -3.8843030876 -0.8305068978 0.5566234830 -0.0207024373 2.0472631143 -0.0127446098 0.0181682098 0.9997537152 0.0708102564
107 0.5573434441 0.8302549125 -0.0067130960 -3.8753348870 -0.8301542671 0.5570976035 -0.0220488762 2.0353579403 -0.0145663381 0.0178617019 0.9997343554 0.0720995952
108 0.5580941539 0.8297472553 -0.0070998398 -3.8600976382 -0.8296569660 0.5578466576 -0.0218271722 2.0105769501 -0.0141504143 0.0180720487 0.9997365487 0.0721927668
109 0.5590977955 0.8290761568 -0.0065100980 -3.8345880934 -0.8289777778 0.5588612245 -0.0216789229 1.9726547266 -0.0143352367 0.0175173645 0.9997437886 0.0735205956
110 0.5603131148 0.8282584385 -0.0060969282 -3.7996238953 -0.8281458807 0.5600737204 -0.0221771963 1.9200085348 -0.0149537207 0.0174753199 0.9997354647 0.0737628558
111 0.5610462636 0.8277678437 -0.0052428151 -3.7519487103 -0.8276323277 0.5608104953 -0.0227226398 1.8501526865 -0.0158688448 0.0170875754 0.9997280603 0.0757509078
112 0.5614181988 0.8275189684 -0.0046864706 -3.6944327521 -0.8273690127 0.5611859860 -0.0230392267 1.7643152726 -0.0164354154 0.0168120817 0.9997235773 0.0751013067
113 0.5609744967 0.8278190333 -0.0048230877 -3.6227660343 -0.8276600971 0.5607286556 -0.0237094588 1.6616058804 -0.0169226978 0.0172922789 0.9997072568 0.0746892738
114 0.5596697101 0.8287053531 -0.0041537238 -3.5414572493 -0.8285405359 0.5594412750 -0.0233675008 1.5413615039 -0.0170410085 0.0165196109 0.9997183136 0.0741752512
115 0.5579089320 0.8298962662 -0.0031322426 -3.4495505902 -0.8297290203 0.5577114577 -0.0225318167 1.4035983731 -0.0169521830 0.0151696143 0.9997412197 0.0715448328
116 0.5557723131 0.8313299207 -0.0027747054 -3.3447252659 -0.8311734445 0.5555958075 -0.0215407468 1.2496596887 -0.0163658526 0.0142780121 0.9997641208 0.0691828528
117 0.5534151255 0.8328932530 -0.0045307879 -3.2301200827 -0.8327556099 0.5532040734 -0.0219851605 1.0814967249 -0.0158048415 0.0159399593 0.9997480306 0.0665972202
118 0.5508913690 0.8345535289 -0.0062535593 -3.1050051110 -0.8344232808 0.5506306762 -0.0233162328 0.9004362677 -0.0160152428 0.0180628268 0.9997085807 0.0630678612
119 0.5487663905 0.8359506585 -0.0064765198 -2.9710158562 -0.8357990884 0.5484746989 -0.0248070248 0.7033051457 -0.0171852414 0.0190263308 0.9996712791 0.0603598370
120 0.5472972385 0.8369222646 -0.0051822534 -2.8302852883 -0.8367473483 0.5470296110 -0.0247483281 0.4894757684 -0.0178775807 0.0178809284 0.9996802811 0.0600932772
121 0.5470155709 0.8371151085 -0.0035014950 -2.6873112675 -0.8369304578 0.5467957681 -0.0237022524 0.2629503639 -0.0179269110 0.0158960089 0.9997129302 0.0602541688
122 0.5476047917 0.8367366960 -0.0008329370 -2.5322844089 -0.8365405752 0.5474543230 -0.0222177900 0.0260371370 -0.0181344452 0.0128633538 0.9997528075 0.0596521277
123 0.5500007604 0.8351640786 0.0003542637 -2.3713832521 -0.8349536156 0.5498715842 -0.0222193749 -0.2288490846 -0.0187516233 0.0119248793 0.9997530564 0.0566094798
124 0.5542164275 0.8323722939 0.0007182887 -2.2021901919 -0.8321493797 0.5540875763 -0.0226796737 -0.4854816792 -0.0192759268 0.0119717242 0.9997425251 0.0519941972
125 0.5604242968 0.8282035209 0.0018803319 -2.0246311090 -0.8279424530 0.5603019847 -0.0239370082 -0.7485459060 -0.0208782682 0.0118580743 0.9997117004 0.0500168794
126 0.5690219531 0.8223127321 0.0039733576 -1.8371513041 -0.8220100165 0.5689323578 -0.0248093739 -1.0229343932 -0.0226616357 0.0108509386 0.9996843039 0.0467798825
127 0.5805511141 0.8141794698 0.0084967524 -1.6446031222 -0.8138559896 0.5805708910 -0.0239972630 -1.3065435578 -0.0244710460 0.0070165049 0.9996759158 0.0412523334
128 0.5945668980 0.8039644516 0.0114614315 -1.4447796405 -0.8036693158 0.5946642317 -0.0221378034 -1.5953711456 -0.0246137103 0.0039512042 0.9996892283 0.0366008019
129 0.6103060307 0.7920382641 0.0142104601 -1.2389210198 -0.7918006460 0.6104711590 -0.0194087872 -1.8873249777 -0.0240475782 0.0005934484 0.9997106390 0.0274987945
130 0.6284398266 0.7776731777 0.0169650550 -1.0129311537 -0.7774752634 0.6286653111 -0.0176675205 -2.1790141404 -0.0244048984 -0.0020869372 0.9996999778 0.0227912385
131 0.6499922226 0.7596618442 0.0205910917 -0.7817644233 -0.7595106767 0.6502973358 -0.0160283185 -2.4737715412 -0.0255664340 -0.0052208717 0.9996594920 0.0141765466
132 0.6744422106 0.7379791247 0.0226829474 -0.5395778764 -0.7378199465 0.6747994190 -0.0163545262 -2.7655132511 -0.0273757386 -0.0057057483 0.9996089302 0.0097217630
133 0.7002019404 0.7135630722 0.0233449073 -0.2689867960 -0.7133541058 0.7005783553 -0.0177732325 -3.0539375870 -0.0290372591 -0.0042083337 0.9995694711 0.0067968222
134 0.7266125710 0.6866620416 0.0230089614 0.0246844864 -0.6864347948 0.7269713935 -0.0178847801 -3.3363985515 -0.0290076563 -0.0027988457 0.9995752710 0.0016571984
135 0.7530716095 0.6574708526 0.0248038091 0.3265802531 -0.6573177567 0.7534635179 -0.0150364228 -3.6183664449 -0.0285747749 -0.0049804811 0.9995792500 -0.0050941297
136 0.7800074415 0.6251404974 0.0280668802 0.6474170215 -0.6251245535 0.7804554358 -0.0104213826 -3.9000521865 -0.0284197775 -0.0094165399 0.9995517220 -0.0103225159
137 0.8075092109 0.5892065477 0.0276499277 0.9954066114 -0.5892255467 0.8079257460 -0.0083213001 -4.1788766782 -0.0272420530 -0.0095725173 0.9995830318 -0.0187484450
138 0.8352225476 0.5492554238 0.0268658788 1.3622677435 -0.5493166368 0.8355947937 -0.0057073012 -4.4494957826 -0.0255837546 -0.0099910076 0.9996227545 -0.0295064797
139 0.8626244490 0.5052135116 0.0252659403 1.7590678316 -0.5052884242 0.8629421776 -0.0037955961 -4.7097783064 -0.0237206320 -0.0094924132 0.9996735596 -0.0383020646
140 0.8890836601 0.4570584607 0.0250561133 2.1753723010 -0.4572338024 0.8893453507 0.0014481702 -4.9565235029 -0.0216216395 -0.0127440464 0.9996849974 -0.0459250001
141 0.9135515253 0.4060281287 0.0237648754 2.6233000718 -0.4062582485 0.9137410984 0.0056071956 -5.1834686381 -0.0194382642 -0.0147771387 0.9997018506 -0.0552481620
142 0.9353468477 0.3532915779 0.0176447019 3.1042563035 -0.3534515851 0.9354276326 0.0068644772 -5.3874844673 -0.0140801797 -0.0126572150 0.9998207557 -0.0692905017
143 0.9543803552 0.2984118549 0.0104164544 3.6060723744 -0.2984994449 0.9543746881 0.0081875536 -5.5671835411 -0.0074979374 -0.0109233461 0.9999122269 -0.0814326653
144 0.9707688037 0.2399314290 0.0063905588 4.1304450191 -0.2399888922 0.9707169151 0.0106771882 -5.7248125248 -0.0036416305 -0.0118987444 0.9999225762 -0.0879333908
145 0.9837748189 0.1792906423 0.0064785304 4.6809504973 -0.1793634661 0.9836924587 0.0133376803 -5.8574685212 -0.0039815602 -0.0142832857 0.9998900614 -0.0838718232
146 0.9931095048 0.1171256830 0.0038840569 5.2524824438 -0.1171682109 0.9930188555 0.0136074581 -5.9560530870 -0.0022631589 -0.0139687840 0.9998998706 -0.0832858209
147 0.9984943828 0.0548456840 0.0009584110 5.8542832370 -0.0548539794 0.9983700038 0.0157599613 -6.0270047223 -0.0000924829 -0.0157888055 0.9998753448 -0.0827554525
148 0.9999811613 -0.0057164599 -0.0022358731 6.4696712409 0.0057582457 0.9998000095 0.0191515937 -6.0541107913 0.0021259466 -0.0191641077 0.9998140914 -0.0815661307
149 0.9980116252 -0.0626434135 -0.0069712840 7.0994948824 0.0627985075 0.9977167244 0.0248532765 -6.0465608422 0.0053984725 -0.0252416451 0.9996668024 -0.0741090099
150 0.9933510397 -0.1145854400 -0.0111305410 7.7425676960 0.1148403731 0.9930466460 0.0258852764 -6.0004979281 0.0080870706 -0.0269914017 0.9996029529 -0.0714274115
151 0.9867915042 -0.1614876287 -0.0128169008 8.4011627980 0.1617263780 0.9866224442 0.0205117352 -5.9143215527 0.0093330506 -0.0223136370 0.9997074551 -0.0689015753
152 0.9793842606 -0.2015952706 -0.0128769891 9.0755525707 0.2017997185 0.9792746004 0.0172664620 -5.7955338163 0.0091292713 -0.0195090739 0.9997679993 -0.0636898069
153 0.9722159030 -0.2337965138 -0.0116373595 9.7614031785 0.2340050246 0.9719852212 0.0220539837 -5.6502965102 0.0061551969 -0.0241644343 0.9996890485 -0.0541168024
154 0.9659250154 -0.2585609905 -0.0116223383 10.4545231491 0.2587872019 0.9655577383 0.0269710631 -5.4795963928 0.0042483739 -0.0290597370 0.9995686485 -0.0379360803
155 0.9608015133 -0.2770597029 -0.0099183145 11.1858370469 0.2772284614 0.9604399368 0.0264482153 -5.2766401405 0.0021982106 -0.0281611244 0.9996009799 -0.0209827198
156 0.9566076368 -0.2911525849 -0.0114891893 11.8941732425 0.2913661374 0.9561940393 0.0282618694 -5.0655585683 0.0027573780 -0.0303830807 0.9995345243 -0.0159367906
157 0.9532709398 -0.3019069739 -0.0112558625 12.6159796653 0.3021126827 0.9527890866 0.0303460623 -4.8418213707 0.0015627751 -0.0323285581 0.9994760738 -0.0091577627
158 0.9509855562 -0.3089861323 -0.0124113591 13.3561384433 0.3092341557 0.9503250371 0.0354480031 -4.6035145408 0.0008418839 -0.0375485550 0.9992944497 -0.0047758166
159 0.9492946005 -0.3141873697 -0.0112275628 14.1309155873 0.3143825977 0.9484652900 0.0397136739 -4.3408596094 -0.0018285812 -0.0412297265 0.9991480200 -0.0034323643
160 0.9474542479 -0.3197705201 -0.0087899144 14.9124649704 0.3198410174 0.9464604012 0.0437542279 -4.0763034786 -0.0056720063 -0.0442665043 0.9990036561 0.0073990550
161 0.9451717607 -0.3265028383 -0.0067999553 15.6948482543 0.3264340287 0.9439540798 0.0489031708 -3.8049102390 -0.0095481785 -0.0484416328 0.9987803765 0.0047905998
162 0.9422723140 -0.3348253345 -0.0038576669 16.4933348209 0.3345213814 0.9407835922 0.0549697931 -3.5222650088 -0.0147760496 -0.0530869862 0.9984805658 0.0028038350
163 0.9381643308 -0.3461864596 -0.0016197214 17.3495548060 0.3456311677 0.9363731938 0.0611909953 -3.2330016123 -0.0196668303 -0.0579670354 0.9981247610 -0.0045799989
164 0.9338678047 -0.3576080986 0.0027149667 18.1638511148 0.3566960552 0.9319772830 0.0647013773 -2.9302170939 -0.0256680238 -0.0594541152 0.9979009774 -0.0127150197
165 0.9293776401 -0.3690849634 0.0057872169 18.9902077525 0.3678441831 0.9273332321 0.0688747670 -2.6140537607 -0.0307873194 -0.0618818743 0.9976085277 -0.0295280892
166 0.9247068966 -0.3806212126 0.0066819049 19.8144921122 0.3792438701 0.9225999681 0.0705931003 -2.2795572949 -0.0330339566 -0.0627438552 0.9974828151 -0.0524585092
167 0.9198464638 -0.3922458159 0.0050698148 20.6579274462 0.3909344247 0.9176869972 0.0708579621 -1.9323030310 -0.0324462423 -0.0631964807 0.9974735316 -0.0782659940
168 0.9145779736 -0.4044015824 0.0025476117 21.5174652963 0.4031743291 0.9122582851 0.0723552456 -1.5738179286 -0.0315846557 -0.0651473822 0.9973756705 -0.1126834906
169 0.9093092283 -0.4161176809 0.0016742084 22.3418113153 0.4148458750 0.9068301128 0.0745791301 -1.2030286879 -0.0325519173 -0.0671209528 0.9972136934 -0.1445890546
170 0.9037156427 -0.4281130333 0.0041554501 23.1900140400 0.4266228748 0.9012997348 0.0751778611 -0.8166868931 -0.0359299282 -0.0661665990 0.9971614821 -0.1744346037
171 0.8976854514 -0.4405867267 0.0066457970 24.1694302469 0.4388509938 0.8953020496 0.0764463553 -0.3506387342 -0.0396312451 -0.0657082663 0.9970515474 -0.2126096584
172 0.8917500370 -0.4524363720 0.0091214499 25.0143172415 0.4503950351 0.8893207818 0.0790750244 0.0605363658 -0.0438883121 -0.0664069002 0.9968269357 -0.2467992945
173 0.8858860674 -0.4636810581 0.0143440586 25.8514253885 0.4611833130 0.8836147613 0.0808387621 0.4897340787 -0.0501580246 -0.0649986925 0.9966239725 -0.2859191674
174 0.8800905001 -0.4743612695 0.0205450132 26.7172207327 0.4713575900 0.8780858736 0.0823845921 0.9382307242 -0.0571203456 -0.0628218489 0.9963888204 -0.3323992622
175 0.8747954547 -0.4838415057 0.0251059707 27.5746750806 0.4805869233 0.8731442200 0.0815805135 1.4007004453 -0.0613931717 -0.0593006611 0.9963504956 -0.3784842174
176 0.8705461052 -0.4913864822 0.0262450738 28.4310308786 0.4882690670 0.8691934083 0.0780777633 1.8886224765 -0.0611784026 -0.0551556350 0.9966017555 -0.4398310804
177 0.8678053251 -0.4962381034 0.0257228001 29.2743802511 0.4934497394 0.8667102025 0.0729436737 2.4114450224 -0.0584916436 -0.0506079994 0.9970042919 -0.4956237513
178 0.8651561376 -0.5008140529 0.0262705527 30.1282310920 0.4981355487 0.8642276383 0.0705093214 2.9348665752 -0.0580157967 -0.0479152760 0.9971651286 -0.5622172621
179 0.8624207458 -0.5054403083 0.0275781042 30.9599210989 0.5026677188 0.8615619960 0.0709654255 3.4557341458 -0.0596290330 -0.0473394324 0.9970974659 -0.6182802558
180 0.8589089787 -0.5114547227 0.0262570551 31.8206903571 0.5087722399 0.8580181667 0.0703962608 3.9938437118 -0.0585335303 -0.0471051197 0.9971734721 -0.6874773789
181 0.8539649394 -0.5197089040 0.0254271007 32.6367920956 0.5170254593 0.8530259965 0.0709318241 4.5090933213 -0.0585538785 -0.0474268324 0.9971570282 -0.7948134317
182 0.8472107024 -0.5303602104 0.0308556799 33.5081217356 0.5271670944 0.8464622684 0.0748096439 5.0564044817 -0.0657942273 -0.0471134318 0.9967203440 -0.8607041726
183 0.8384599837 -0.5434033687 0.0412023618 34.3319632898 0.5389770681 0.8380518875 0.0846921126 5.5986857394 -0.0805516964 -0.0488038192 0.9955549264 -0.9044113751
184 0.8270052988 -0.5598868680 0.0508815369 35.2108733903 0.5542581908 0.8271384319 0.0929509144 6.1517613906 -0.0941280710 -0.0486693901 0.9943697485 -0.9666547460
185 0.8155502805 -0.5755977064 0.0597077916 35.9929031426 0.5689082159 0.8163779193 0.0993505651 6.7227036180 -0.1059300800 -0.0470571280 0.9932595053 -1.0575814435
186 0.7999595691 -0.5967050927 0.0633065574 36.8942630281 0.5892233651 0.8010912226 0.1052077903 7.2986774207 -0.1134923517 -0.0468602757 0.9924331719 -1.1657333435
187 0.7859967499 -0.6148057174 0.0649849133 37.6883062606 0.6068773936 0.7873403350 0.1086049081 7.8863546469 -0.1179361618 -0.0459252299 0.9919586357 -1.2719021912
188 0.7720638710 -0.6327656839 0.0593714435 38.4678730998 0.6255944591 0.7731185800 0.1044951392 8.4930629672 -0.1120221043 -0.0435344756 0.9927516294 -1.3958252233
189 0.7576065610 -0.6500067756 0.0593589960 39.2204948314 0.6432798529 0.7589693514 0.1007797330 9.1198120969 -0.1105591679 -0.0381669407 0.9931364232 -1.5097905100
190 0.7430524568 -0.6668563538 0.0563529049 39.9432537873 0.6600160983 0.7441431601 0.1031004715 9.7625944425 -0.1106878332 -0.0394152342 0.9930733321 -1.6183225423
191 0.7257669719 -0.6855332953 0.0575013349 40.6846838723 0.6776296445 0.7268046829 0.1121294688 10.4175403633 -0.1186607237 -0.0424152559 0.9920285171 -1.7255798654
192 0.7076318802 -0.7042396934 0.0574767457 41.3894268110 0.6954643452 0.7085630321 0.1194477885 11.0886096848 -0.1248457711 -0.0445520358 0.9911753879 -1.8311679772
193 0.6866926566 -0.7249144674 0.0543342461 42.0959920443 0.7154982091 0.6871998476 0.1257723432 11.7711214505 -0.1285126768 -0.0474908887 0.9905700921 -1.9518552786
194 0.6647438736 -0.7453540510 0.0506253006 42.7178745050 0.7359482222 0.6649913520 0.1271484017 12.4497445649 -0.1284359634 -0.0472635211 0.9905909160 -2.0755035308
195 0.6402452709 -0.7666197415 0.0487869352 43.3449641661 0.7573621456 0.6405789159 0.1267329199 13.1432541890 -0.1284078403 -0.0441907747 0.9907363938 -2.1983875021
196 0.6153425775 -0.7868386660 0.0473120070 43.9411768394 0.7776143865 0.6157688780 0.1270612245 13.8525319291 -0.1291099458 -0.0413956840 0.9907658751 -2.3061507575
197 0.5901487284 -0.8061122051 0.0436759785 44.4915724197 0.7971676092 0.5904347114 0.1261374426 14.5963864398 -0.1274687457 -0.0396227760 0.9910508334 -2.4663994004
198 0.5644989744 -0.8243629511 0.0420313298 45.0187790986 0.8154667782 0.5648484415 0.1263335740 15.3158218940 -0.1278860490 -0.0370400198 0.9910969657 -2.5862483898
199 0.5381937475 -0.8419620866 0.0380438544 45.5200654677 0.8330332591 0.5382606216 0.1277931628 16.0312988365 -0.1280745067 -0.0370856851 0.9910709221 -2.7046519805
200 0.5123804436 -0.8579601466 0.0370225327 45.9906694173 0.8490515084 0.5125815008 0.1279521049 16.7620377297 -0.1287548720 -0.0341261190 0.9910890933 -2.8226150048
201 0.4878338903 -0.8723138904 0.0329631919 46.4316347947 0.8636299660 0.4877880437 0.1273032056 17.4952003965 -0.1271274054 -0.0336348176 0.9913159546 -2.9416521618
202 0.4652320451 -0.8845843095 0.0327069350 46.8450593881 0.8760011405 0.4653986181 0.1265943452 18.2414327745 -0.1272051337 -0.0302444337 0.9914152148 -3.0556686486
203 0.4447170297 -0.8950546274 0.0332261559 47.2326528598 0.8867560519 0.4452084496 0.1243106623 18.9696449772 -0.1260573989 -0.0258195737 0.9916868870 -3.1815101747
204 0.4275669655 -0.9032766168 0.0357469379 47.5925936991 0.8950052358 0.4285486870 0.1237402552 19.6883033294 -0.1270909824 -0.0209135488 0.9916705631 -3.2871791432
205 0.4162956907 -0.9084547586 0.0375213192 47.9396002982 0.9003087106 0.4176267023 0.1226057223 20.4316286285 -0.1270516566 -0.0172594633 0.9917459289 -3.3846793378
206 0.4084225483 -0.9121431438 0.0344370040 48.2810871776 0.9042517388 0.4094618036 0.1211190504 21.1535771563 -0.1245785491 -0.0183280304 0.9920404570 -3.5124875273
207 0.4061425069 -0.9132564992 0.0317935664 48.5862515391 0.9054812591 0.4068839020 0.1206199806 21.8879791254 -0.1230932715 -0.0202004227 0.9921894927 -3.6392273930
208 0.4031292024 -0.9145821298 0.0320370711 48.8880140170 0.9066065869 0.4038944461 0.1222038176 22.5673998550 -0.1247050228 -0.0202189078 0.9919878291 -3.7344778402
209 0.3990302444 -0.9164266814 0.0306104838 49.1831341644 0.9080843529 0.3995850354 0.1253579180 23.2288439945 -0.1271128320 -0.0222246992 0.9916392442 -3.8296960372
210 0.3941773071 -0.9185749165 0.0290581025 49.4720791419 0.9099896167 0.3945278157 0.1275409741 23.8874619233 -0.1286201693 -0.0238311861 0.9914075482 -3.9222914908
211 0.3887603496 -0.9209526329 0.0266765543 49.7542263686 0.9123001991 0.3888308285 0.1285260035 24.5361055227 -0.1287390279 -0.0256287882 0.9913472792 -4.0165577280
212 0.3822774112 -0.9237451058 0.0236423434 50.0262229215 0.9152630109 0.3820388545 0.1278277532 25.1642433358 -0.1271125552 -0.0272267001 0.9915145511 -4.1124918032
213 0.3752719373 -0.9266300742 0.0229712582 50.3043038784 0.9183656545 0.3750546635 0.1262478674 25.7888428352 -0.1256005482 -0.0262812671 0.9917327247 -4.2111823328
214 0.3689333018 -0.9291490169 0.0238814413 50.5405471689 0.9210676471 0.3689271976 0.1246078344 26.3757120721 -0.1245897600 -0.0239755568 0.9919186279 -4.2991615717
215 0.3629224236 -0.9314778338 0.0252261698 50.7701478307 0.9233978827 0.3631420813 0.1243550524 26.9667415881 -0.1249946586 -0.0218374452 0.9919170637 -4.3804543507
216 0.3567794737 -0.9338806230 0.0239872697 50.9870815527 0.9256797808 0.3568709705 0.1255390535 27.5269829197 -0.1257988497 -0.0225852268 0.9917986474 -4.4656908205
217 0.3513456331 -0.9359838113 0.0221483860 51.1921121116 0.9277100764 0.3512321252 0.1264516052 28.0637657394 -0.1261358800 -0.0238809383 0.9917254865 -4.5374503913
218 0.3469204683 -0.9376436790 0.0216914686 51.3816852502 0.9293423780 0.3467812852 0.1267496935 28.5808101914 -0.1263682443 -0.0238132619 0.9916975322 -4.6082386900
219 0.3430887314 -0.9390155676 0.0232354503 51.5642604983 0.9307195188 0.3431860406 0.1264298971 29.0761157785 -0.1266937237 -0.0217509859 0.9917033805 -4.6747024379
220 0.3410225913 -0.9397307965 0.0246905310 51.7232672351 0.9315329615 0.3413430516 0.1254243310 29.5335827522 -0.1262930476 -0.0197724869 0.9917959038 -4.7434199116
221 0.3383137835 -0.9407606659 0.0226528883 51.8935135593 0.9326858229 0.3384147941 0.1247901558 29.9480829625 -0.1250637425 -0.0210902019 0.9919245252 -4.8134607785
222 0.3372277740 -0.9411740064 0.0216545186 52.0338139318 0.9331349894 0.3372159313 0.1246776135 30.3439813323 -0.1246455776 -0.0218381650 0.9919609743 -4.8707135675
223 0.3371044188 -0.9412460268 0.0204090140 52.1679989218 0.9330895506 0.3369116758 0.1258348654 30.7098817210 -0.1253176022 -0.0233760514 0.9918412468 -4.9227496157
224 0.3374799932 -0.9411726841 0.0173560638 52.2962397859 0.9326763103 0.3368144293 0.1291159962 31.0533428839 -0.1273662214 -0.0273864759 0.9914775976 -4.9702480550
225 0.3374746717 -0.9412217979 0.0145730263 52.4203962022 0.9323470841 0.3363467006 0.1326642823 31.3838031858 -0.1297681036 -0.0311837165 0.9910538911 -5.0146125683
226 0.3376259736 -0.9411858162 0.0133402144 52.5376977035 0.9321326544 0.3362822740 0.1343240366 31.7039392321 -0.1309099556 -0.0329164341 0.9908476633 -5.0594453814
227 0.3386094609 -0.9408413404 0.0126966572 52.6495544275 0.9317398338 0.3371538072 0.1348636066 32.0103466101 -0.1311659827 -0.0338361118 0.9907828231 -5.1042958046
228 0.3402374772 -0.9402532804 0.0127368672 52.7562988956 0.9310652464 0.3387485650 0.1355245982 32.3027538758 -0.1317420435 -0.0342516929 0.9906921093 -5.1470952027
229 0.3428756833 -0.9393147097 0.0111418983 52.8604027562 0.9300278265 0.3411075186 0.1367256474 32.5829356103 -0.1322289970 -0.0365176243 0.9905462914 -5.1895779717
230 0.3465753321 -0.9379612961 0.0106839189 52.9602466172 0.9286852394 0.3447063652 0.1368256112 32.8488881347 -0.1320199425 -0.0374983838 0.9905375339 -5.2276871418
231 0.3511874568 -0.9362587291 0.0093253613 53.0571880366 0.9270834816 0.3491057589 0.1365334654 33.1048430667 -0.1310861861 -0.0393034520 0.9905915659 -5.2678583462
232 0.3575181832 -0.9338664918 0.0086095365 53.1504183645 0.9247079674 0.3552725623 0.1367354435 33.3452339724 -0.1307513810 -0.0409241003 0.9905701865 -5.3024041560
233 0.3664248307 -0.9304158423 0.0076943988 53.2370955389 0.9212547276 0.3639516928 0.1372184102 33.5722503124 -0.1304705722 -0.0431917314 0.9905109308 -5.3401793889
234 0.3767227687 -0.9262961393 0.0074443159 53.3263539517 0.9170573469 0.3740752867 0.1381068514 33.7828733792 -0.1307125779 -0.0452011308 0.9903893577 -5.3677596048
235 0.3888881189 -0.9212517045 0.0078312107 53.4117956707 0.9117879918 0.3860827638 0.1399384060 33.9905369822 -0.1319419905 -0.0472799795 0.9901292414 -5.3940757544
236 0.4028764022 -0.9151917552 0.0107077460 53.4982542854 0.9055907736 0.4002909821 0.1402586202 34.2036847799 -0.1326497469 -0.0468100523 0.9900570002 -5.4214195769
237 0.4179276103 -0.9083847684 0.0131766834 53.5880867591 0.8987257433 0.4155164676 0.1401360181 34.4134059659 -0.1327725532 -0.0467244866 0.9900445805 -5.4518357997
238 0.4337861867 -0.9009025389 0.0142884445 53.6837553171 0.8913253234 0.4313863620 0.1394452389 34.6219672706 -0.1317904098 -0.0477537660 0.9901266917 -5.4782964936
239 0.4516450867 -0.8920766931 0.0146931701 53.7837452056 0.8825148241 0.4491025642 0.1395509660 34.8350833077 -0.1310889046 -0.0500605677 0.9901058724 -5.5107436648
240 0.4695999001 -0.8827689758 0.0139595566 53.8978888581 0.8731985699 0.4667277248 0.1403192377 35.0603975726 -0.1303847818 -0.0537044351 0.9900079001 -5.5396132013
241 0.4869422444 -0.8733376433 0.0129850449 54.0135515427 0.8637079908 0.4836790962 0.1416440560 35.2827360960 -0.1299836809 -0.0577571874 0.9898324858 -5.5743510733
