0 1.0000000000 0.0000000000 0.0000000000 0.0000000000 0.0000000000 1.0000000000 0.0000000000 0.0000000000 0.0000000000 0.0000000000 1.0000000000 0.0000000000
1 0.9999999989 0.0000145878 0.0000448166 0.0008179044 -0.0000145885 0.9999999998 0.0000159075 0.0004412117 -0.0000448163 -0.0000159081 0.9999999989 0.0007553915
2 0.9999999997 -0.0000137484 -0.0000180181 -0.0001389552 0.0000137493 0.9999999987 0.0000484687 0.0002414701 0.0000180175 -0.0000484689 0.9999999987 -0.0004570553
3 0.9999999993 0.0000142839 -0.0000346510 -0.0006141645 -0.0000142844 0.9999999998 -0.0000154658 0.0004959588 0.0000346508 0.0000154663 0.9999999993 0.0003220066
4 0.9999999993 -0.0000217856 -0.0000316427 0.0012127141 0.0000217859 0.9999999997 0.0000090375 0.0003255530 0.0000316425 -0.0000090382 0.9999999995 -0.0000006726
5 0.9999999890 -0.0000794442 -0.0001249098 -0.0002060350 0.0000794385 0.9999999958 -0.0000457359 -0.0025486171 0.0001249134 0.0000457260 0.9999999912 -0.0044207272
6 0.9999999852 -0.0000515228 -0.0001638803 0.0014385892 0.0000515191 0.9999999984 -0.0000223804 -0.0007122531 0.0001638814 0.0000223720 0.9999999863 -0.0038238088
7 0.9999999987 -0.0000302460 -0.0000406046 0.0010491130 0.0000302470 0.9999999992 0.0000264036 0.0000113542 0.0000406038 -0.0000264048 0.9999999988 -0.0002431470
8 0.9999999963 -0.0000705580 0.0000492482 0.0006653021 0.0000705557 0.9999999965 0.0000456509 0.0000389933 -0.0000492514 -0.0000456475 0.9999999977 0.0000824058
9 0.9999999976 -0.0000686215 -0.0000026504 0.0005586674 0.0000686214 0.9999999971 -0.0000324295 0.0000477254 0.0000026526 0.0000324294 0.9999999995 -0.0000020221
10 0.9999999785 -0.0000718097 -0.0001943373 0.0012275552 0.0000718118 0.9999999974 0.0000109197 -0.0009314128 0.0001943365 -0.0000109337 0.9999999811 -0.0037749719
11 0.9999999958 -0.0000767991 0.0000496051 -0.0002288271 0.0000767963 0.9999999954 0.0000566184 -0.0003776918 -0.0000496095 -0.0000566146 0.9999999972 0.0004817107
12 0.9999999986 -0.0000530952 0.0000065918 0.0007985988 0.0000530956 0.9999999973 -0.0000510300 0.0002205740 -0.0000065891 0.0000510303 0.9999999987 0.0001848763
13 0.9999999997 -0.0000089861 -0.0000246115 0.0017885974 0.0000089850 0.9999999990 -0.0000445500 0.0014996346 0.0000246119 0.0000445498 0.9999999987 0.0000574514
14 0.9999999847 -0.0000486467 -0.0001678059 0.0009296314 0.0000486391 0.9999999978 -0.0000449020 -0.0003028797 0.0001678080 0.0000448938 0.9999999849 -0.0042790443
15 0.9999999990 -0.0000402593 0.0000192508 0.0023139366 0.0000402605 0.9999999970 -0.0000667010 0.0006022682 -0.0000192481 0.0000667018 0.9999999976 -0.0000404975
16 0.9999999994 -0.0000160655 0.0000307191 0.0020780076 0.0000160679 0.9999999969 -0.0000767772 0.0006597184 -0.0000307178 0.0000767777 0.9999999966 0.0005602547
17 0.9999999972 -0.0000045098 0.0000748919 0.0028407662 0.0000045111 0.9999999998 -0.0000171092 0.0011065670 -0.0000748918 0.0000171095 0.9999999970 0.0007561048
18 0.9999999958 0.0000166918 0.0000896858 0.0023461196 -0.0000166921 0.9999999999 0.0000030886 0.0015246462 -0.0000896858 -0.0000030901 0.9999999960 0.0004048015
19 0.9999999969 -0.0000501603 0.0000601175 0.0019612520 0.0000501648 0.9999999959 -0.0000752521 0.0002553490 -0.0000601138 0.0000752551 0.9999999954 -0.0040417289
20 0.9999999863 -0.0000352874 0.0001615861 0.0015312958 0.0000352983 0.9999999971 -0.0000676616 0.0000540665 -0.0001615837 0.0000676673 0.9999999847 -0.0040501257
21 0.9999998646 -0.0001190538 0.0005065525 0.0034718056 0.0001191511 0.9999999744 -0.0001921397 0.0017212212 -0.0005065296 0.0001922000 0.9999998532 -0.0035695633
22 0.9999994352 -0.0002565609 0.0010313514 0.0067558478 0.0002568981 0.9999999136 -0.0003267582 0.0037042608 -0.0010312674 0.0003270229 0.9999994148 -0.0024968390
23 0.9999993071 -0.0002149504 0.0011574488 0.0081594745 0.0002154657 0.9999998777 -0.0004451444 0.0037517158 -0.0011573530 0.0004453935 0.9999992311 0.0012531532
24 0.9999993190 -0.0004246216 0.0010870984 0.0108014705 0.0004251843 0.9999997758 -0.0005174063 0.0024949580 -0.0010868785 0.0005178681 0.9999992753 0.0015202796
25 0.9999995051 -0.0004171456 0.0009032305 0.0116900996 0.0004175034 0.9999998344 -0.0003960020 0.0035834459 -0.0009030651 0.0003963789 0.9999995137 0.0015614073
26 0.9999995880 -0.0003306764 0.0008454187 0.0110766758 0.0003309717 0.9999998843 -0.0003491006 0.0044454444 -0.0008453031 0.0003493803 0.9999995817 0.0006264001
27 0.9999992662 -0.0004634413 0.0011192733 0.0112666262 0.0004638248 0.9999998338 -0.0003423624 0.0037484551 -0.0011191144 0.0003428812 0.9999993150 0.0019369580
28 0.9999993590 -0.0004001596 0.0010591599 0.0104566345 0.0004006441 0.9999998152 -0.0004572759 0.0027051156 -0.0010589768 0.0004577000 0.9999993345 0.0007764883
29 0.9999993571 -0.0004094049 0.0010574838 0.0115192386 0.0004098559 0.9999998251 -0.0004263683 0.0036465176 -0.0010573091 0.0004268015 0.9999993500 0.0018576871
30 0.9999993960 -0.0003956492 0.0010254414 0.0123701029 0.0003959754 0.9999998711 -0.0003178715 0.0037306092 -0.0010253155 0.0003182773 0.9999994237 0.0027416058
31 0.9999994236 -0.0003982417 0.0009970950 0.0115598610 0.0003986422 0.9999998399 -0.0004014982 0.0033582615 -0.0009969349 0.0004018954 0.9999994223 0.0015921464
32 0.9999993861 -0.0004443267 0.0010151222 0.0106469717 0.0004447372 0.9999998195 -0.0004041097 0.0025293792 -0.0010149425 0.0004045609 0.9999994031 0.0042655811
33 0.9999996718 -0.0004207005 0.0006923327 0.0097236372 0.0004209556 0.9999998436 -0.0003682989 0.0017812380 -0.0006921777 0.0003685902 0.9999996925 0.0031347913
34 0.9999997090 -0.0004170362 0.0006387772 0.0098728227 0.0004172393 0.9999998625 -0.0003177579 0.0024206689 -0.0006386446 0.0003180244 0.9999997455 0.0019608372
35 0.9999997296 -0.0004453624 0.0005851784 0.0090446875 0.0004455234 0.9999998629 -0.0002750486 0.0015078682 -0.0005850558 0.0002753092 0.9999997910 0.0023488474
36 0.9999997419 -0.0004187836 0.0005838017 0.0096869747 0.0004189576 0.9999998678 -0.0002979633 0.0021927142 -0.0005836769 0.0002982078 0.9999997852 0.0007803948
37 0.9999997596 -0.0004089663 0.0005598784 0.0096705458 0.0004091143 0.9999998814 -0.0002643645 0.0027847848 -0.0005597702 0.0002645935 0.9999998083 0.0021440797
38 0.9999997832 -0.0004328759 0.0004962529 0.0082361518 0.0004330025 0.9999998737 -0.0002550505 0.0020739548 -0.0004961425 0.0002552653 0.9999998443 0.0006785376
39 0.9999996952 -0.0004792774 0.0006164031 0.0106331538 0.0004794866 0.9999998275 -0.0003392795 0.0007477567 -0.0006162404 0.0003395750 0.9999997525 0.0016777621
40 0.9999997955 -0.0004284513 0.0004747456 0.0079933313 0.0004285875 0.9999998671 -0.0002866839 0.0020161831 -0.0004746227 0.0002868873 0.9999998462 0.0001674557
41 0.9999997761 -0.0003878728 0.0005452769 0.0092214259 0.0003880268 0.9999998848 -0.0002824106 0.0031560650 -0.0005451673 0.0002826221 0.9999998115 0.0013623204
42 0.9999997402 -0.0004121622 0.0005914380 0.0099117958 0.0004123452 0.9999998672 -0.0003092244 0.0014293344 -0.0005913104 0.0003094682 0.9999997773 0.0027168670
43 0.9999999815 -0.0001584035 0.0001094726 0.0068529983 0.0001584429 0.9999999227 -0.0003598902 0.0021019912 -0.0001094156 0.0003599075 0.9999999292 0.0007743001
44 0.9999997899 0.0002852497 -0.0005821521 0.0019695157 -0.0002854661 0.9999998902 -0.0003716595 0.0034563335 0.0005820461 0.0003718256 0.9999997615 -0.0007834661
45 0.9999993268 0.0008463904 -0.0007937455 -0.0088019067 -0.0008467845 0.9999995184 -0.0004961954 0.0002785852 0.0007933251 0.0004968672 0.9999995619 -0.0000896933
46 0.9999983296 0.0017412160 -0.0005557892 -0.0266402704 -0.0017415424 0.9999983111 -0.0005872713 0.0030442558 0.0005547657 0.0005882383 0.9999996731 0.0013139943
47 0.9999967443 0.0025511002 -0.0000574831 -0.0434480703 -0.0025511218 0.9999966741 -0.0003790326 0.0015334513 0.0000565160 0.0003791781 0.9999999265 -0.0011170266
48 0.9999944491 0.0031891113 0.0009650903 -0.0607207121 -0.0031885598 0.9999947527 -0.0005724998 0.0015560357 -0.0009669110 0.0005694194 0.9999993704 0.0005225218
49 0.9999890665 0.0036878311 0.0028752110 -0.0703476914 -0.0036857116 0.9999929324 -0.0007421240 0.0015653293 -0.0028779276 0.0007315187 0.9999955912 0.0028959415
50 0.9999803857 0.0035613823 0.0051521678 -0.0729238333 -0.0035568526 0.9999932800 -0.0008880872 0.0018919006 -0.0051552960 0.0008697442 0.9999863331 0.0051832083
51 0.9999618259 0.0025007856 0.0083721401 -0.0591738372 -0.0024956874 0.9999966940 -0.0006193428 0.0037039793 -0.0083736613 0.0005984249 0.9999647612 0.0089667427
52 0.9999493132 0.0010344827 0.0100150371 -0.0213650657 -0.0010269679 0.9999991873 -0.0007554626 0.0049841971 -0.0100158105 0.0007451392 0.9999495629 0.0126577748
53 0.9999524078 -0.0013713026 0.0096592752 0.0190288426 0.0013711650 0.9999990597 0.0000208729 0.0053825938 -0.0096592947 -0.0000076275 0.9999533479 0.0126801890
54 0.9999394146 -0.0050493568 0.0097811614 0.0902401985 0.0050490804 0.9999872519 0.0000529428 0.0024675710 -0.0097813040 -0.0000035537 0.9999521619 0.0130345941
55 0.9999038424 -0.0092560872 0.0103262194 0.1698636231 0.0092394511 0.9999559415 0.0016575973 0.0028492170 -0.0103411073 -0.0015620293 0.9999453093 0.0129680752
56 0.9998338081 -0.0146642035 0.0108313114 0.2673155873 0.0146403525 0.9998902292 0.0022780567 0.0016191076 -0.0108635283 -0.0021191039 0.9999387447 0.0121245217
57 0.9997071579 -0.0213150069 0.0114572628 0.3872637682 0.0212751001 0.9997672003 0.0035937876 0.0026861605 -0.0115311972 -0.0033489808 0.9999279053 0.0140564570
58 0.9994872159 -0.0294595499 0.0125475162 0.5351174368 0.0294135277 0.9995599650 0.0038367509 0.0070251847 -0.0126550238 -0.0034657168 0.9999139159 0.0161825721
59 0.9991297777 -0.0395365708 0.0132870953 0.6997254484 0.0394750727 0.9992087397 0.0048593360 0.0118428808 -0.0134687032 -0.0043305982 0.9998999150 0.0198674278
60 0.9985530120 -0.0519572974 0.0138679993 0.8858123932 0.0518835878 0.9986373079 0.0056232139 0.0239598204 -0.0141412685 -0.0048955556 0.9998880228 0.0174664000
61 0.9976272598 -0.0672551336 0.0147172537 1.0935262695 0.0671724066 0.9977230672 0.0060455762 0.0361669670 -0.0150903395 -0.0050426383 0.9998734187 0.0196608046
62 0.9960675125 -0.0873510315 0.0148090490 1.3217231124 0.0872372462 0.9961541099 0.0081640755 0.0443061542 -0.0154652354 -0.0068400697 0.9998570097 0.0215273258
63 0.9937216577 -0.1112068849 0.0122595188 1.5677798634 0.1110035665 0.9936883214 0.0161780151 0.0511699103 -0.0139812474 -0.0147155937 0.9997939668 0.0186924931
64 0.9909337240 -0.1341378492 0.0075757535 1.8288342027 0.1339097776 0.9906727660 0.0252119462 0.0791202804 -0.0108869689 -0.0239689003 0.9996534228 0.0171155070
65 0.9870381297 -0.1604335069 0.0041012672 2.0947370207 0.1602459753 0.9866374381 0.0294583283 0.1145729248 -0.0087725667 -0.0284192817 0.9995575954 0.0088473931
66 0.9819407619 -0.1891869378 0.0008016980 2.3985714546 0.1890679891 0.9814570701 0.0315486136 0.1654675798 -0.0067554177 -0.0308272942 0.9995018971 0.0074441933
67 0.9755356207 -0.2198359049 0.0015580675 2.6959223570 0.2196913943 0.9751071689 0.0300283279 0.2266784682 -0.0081205874 -0.0289514094 0.9995478337 0.0046900096
68 0.9674689795 -0.2529832940 0.0017962809 2.9933116659 0.2528454514 0.9671327996 0.0268947153 0.2991794669 -0.0085411559 -0.0255656213 0.9996366578 0.0026309425
69 0.9574814263 -0.2884939678 0.0007408488 3.3109568647 0.2883982014 0.9572237652 0.0234337516 0.3791621196 -0.0074696541 -0.0222237225 0.9997251174 0.0013388606
70 0.9455489694 -0.3254728654 -0.0021355152 3.6308682286 0.3254355372 0.9452915365 0.0227073169 0.4760496056 -0.0053719310 -0.0221658527 0.9997398748 -0.0024465765
71 0.9312129663 -0.3644154207 -0.0066191031 3.9580073131 0.3644700750 0.9309461080 0.0223809823 0.5937638733 -0.0019939468 -0.0232539259 0.9997276025 0.0016616063
72 0.9138971984 -0.4057639346 -0.0121466042 4.2836714931 0.4059419705 0.9136078511 0.0230610276 0.7174151986 0.0017398997 -0.0260062249 0.9996602668 0.0043720851
73 0.8937875216 -0.4481097687 -0.0184797561 4.6122847449 0.4484026988 0.8936693288 0.0170338069 0.8669704452 0.0088817760 -0.0235109765 0.9996841241 0.0024943541
74 0.8722380421 -0.4884670879 -0.0245092223 4.9275256419 0.4887893756 0.8723536848 0.0091648743 1.0360602033 0.0169039709 -0.0199737994 0.9996575929 -0.0149437755
75 0.8473868710 -0.5301314719 -0.0299351514 5.2498405225 0.5304106208 0.8477392357 0.0016618409 1.2244333835 0.0244962082 -0.0172861444 0.9995504615 -0.0193947421
76 0.8194287732 -0.5721161066 -0.0349234331 5.5747733300 0.5724279976 0.8199539829 -0.0012859107 1.4277472448 0.0293712983 -0.0189374386 0.9993891636 -0.0134880515
77 0.7898922901 -0.6121046668 -0.0373904653 5.8958256216 0.6124268943 0.7905196438 -0.0034629442 1.6594751954 0.0316775817 -0.0201635736 0.9992947319 -0.0017662202
78 0.7571754424 -0.6521163816 -0.0378097098 6.2010530422 0.6522730951 0.7579215825 -0.0097305838 1.9033280102 0.0350022682 -0.0172944973 0.9992375802 -0.0009369334
79 0.7217676429 -0.6911068783 -0.0377193901 6.5027971569 0.6910697903 0.7226083873 -0.0161140781 2.1728051624 0.0383928978 -0.0144361108 0.9991584379 0.0039866413
80 0.6848826166 -0.7277554078 -0.0361644555 6.8142586516 0.7275361850 0.6857371187 -0.0213472160 2.4882941074 0.0403348615 -0.0116906128 0.9991178251 0.0201442543
81 0.6463286420 -0.7622576956 -0.0349641535 7.1055002690 0.7620208384 0.6471607881 -0.0225201291 2.8104059027 0.0397935708 -0.0120880090 0.9991348016 0.0447221233
82 0.6060542553 -0.7945644390 -0.0369539160 7.4000573134 0.7944067711 0.6069741842 -0.0223656398 3.1510408175 0.0402010150 -0.0158016499 0.9990666576 0.0616180531
83 0.5659697993 -0.8235286326 -0.0384548778 7.6816523135 0.8234033552 0.5669750364 -0.0233714105 3.5320218137 0.0410499815 -0.0184363628 0.9989869867 0.0850485344
84 0.5263794224 -0.8492775788 -0.0406484656 7.9483233196 0.8491285247 0.5275385984 -0.0261491077 3.9232400025 0.0436514855 -0.0207514194 0.9988312803 0.0973608967
85 0.4875920933 -0.8720906938 -0.0413735709 8.2079068315 0.8719197845 0.4888351265 -0.0282153957 4.3474864461 0.0448312388 -0.0223168311 0.9987452724 0.1190293148
86 0.4493209836 -0.8924499181 -0.0405437710 8.4484167032 0.8923064626 0.4505376888 -0.0283719530 4.7953521493 0.0435870440 -0.0234293550 0.9987748670 0.1392912843
87 0.4122935852 -0.9102196071 -0.0389135776 8.6703917533 0.9101343359 0.4134184609 -0.0272151954 5.2668736265 0.0408593959 -0.0241959325 0.9988718970 0.1658127436
88 0.3749838171 -0.9263177527 -0.0363669886 8.8862112212 0.9262960466 0.3759601366 -0.0250920269 5.7565985272 0.0369157280 -0.0242774937 0.9990234393 0.1921717660
89 0.3388185785 -0.9402056323 -0.0348617242 9.0900626183 0.9402559989 0.3396898918 -0.0230094310 6.2664348833 0.0334757720 -0.0249829226 0.9991272323 0.2212497622
90 0.3044146311 -0.9519172548 -0.0344277837 9.2741609347 0.9520204939 0.3052430403 -0.0219923951 6.7926098600 0.0314437818 -0.0260811487 0.9991651827 0.2374714859
91 0.2730116481 -0.9614686938 -0.0322891758 9.4465197919 0.9615128787 0.2737962957 -0.0229907075 7.3341682290 0.0309455022 -0.0247697273 0.9992141094 0.2557185109
92 0.2464104732 -0.9687152546 -0.0295403815 9.5922509444 0.9686776238 0.2471390587 -0.0242063383 7.9139211225 0.0307496313 -0.0226504113 0.9992704434 0.2733455313
93 0.2227942111 -0.9744837984 -0.0272775765 9.7357511832 0.9743637775 0.2234899523 -0.0258354483 8.5058152027 0.0312724901 -0.0208222941 0.9992939825 0.2939818141
94 0.2025231228 -0.9789133781 -0.0267017409 9.8717505275 0.9786983991 0.2032656743 -0.0288532376 9.1093878897 0.0336723677 -0.0202895033 0.9992269551 0.3041710324
95 0.1865987722 -0.9821036840 -0.0255587978 9.9862135045 0.9818025142 0.1873495556 -0.0310478211 9.7335510025 0.0352806089 -0.0193002066 0.9991910631 0.3224531715
96 0.1739282000 -0.9844122666 -0.0261049913 10.1010615513 0.9840764819 0.1747330032 -0.0325861233 10.3664447574 0.0366395830 -0.0200216622 0.9991279568 0.3430329878
97 0.1648578967 -0.9859895463 -0.0254261381 10.2054763049 0.9855716732 0.1656807256 -0.0346175409 11.0482606939 0.0383451545 -0.0193523065 0.9990771429 0.3672452711
98 0.1559258236 -0.9874491973 -0.0251240970 10.3143107006 0.9870025440 0.1567561131 -0.0354047898 11.7186953450 0.0388987871 -0.0192770266 0.9990571959 0.3924528320
99 0.1470720164 -0.9887908647 -0.0257380644 10.4180708054 0.9883174271 0.1479538493 -0.0365830804 12.3801388191 0.0399810615 -0.0200570301 0.9989991142 0.4154764656
100 0.1378185384 -0.9900918570 -0.0269103178 10.5123956908 0.9895277981 0.1388152703 -0.0395608068 13.0695398497 0.0429043958 -0.0211762949 0.9988547329 0.4328690021
101 0.1281908645 -0.9913430947 -0.0283896262 10.6148054143 0.9907116334 0.1293135115 -0.0420532431 13.7763177172 0.0453603545 -0.0227350913 0.9987119474 0.4619884028
102 0.1184161052 -0.9925426941 -0.0289244947 10.7137721246 0.9918980754 0.1195881811 -0.0428587790 14.5010634870 0.0459981957 -0.0236149809 0.9986623547 0.5095939533
103 0.1083073431 -0.9937144337 -0.0283044815 10.7942544283 0.9929504071 0.1095155497 -0.0453412984 15.2085022192 0.0481560836 -0.0231941508 0.9985704897 0.5355798596
104 0.0969395507 -0.9948742443 -0.0287743226 10.8638691156 0.9940493848 0.0982214192 -0.0470996103 15.9174504440 0.0496844440 -0.0240372826 0.9984756707 0.5532554721
105 0.0836651832 -0.9960199778 -0.0307301316 10.9346973943 0.9952925270 0.0850384087 -0.0464892966 16.6310643535 0.0489175097 -0.0266959348 0.9984459947 0.5907323782
106 0.0666822804 -0.9972375397 -0.0327225148 10.9976451537 0.9966115618 0.0681515269 -0.0460517563 17.3526375416 0.0481546295 -0.0295408004 0.9984029611 0.6229705919
107 0.0493489722 -0.9982371594 -0.0329735131 11.0384365854 0.9976945172 0.0508082700 -0.0449907780 18.1252598341 0.0465867936 -0.0306772445 0.9984430767 0.6575834172
108 0.0299678259 -0.9990676129 -0.0310778741 11.0656932911 0.9984945727 0.0313506963 -0.0450080218 18.8676547119 0.0459403700 -0.0296822960 0.9985031015 0.6842889934
109 0.0098010523 -0.9995380929 -0.0287669979 11.0952403641 0.9990093133 0.0110366234 -0.0431113074 19.6089095408 0.0434088846 -0.0283159626 0.9986560344 0.7176424715
110 -0.0095058525 -0.9995686584 -0.0277873352 11.0924415680 0.9990634639 -0.0083206526 -0.0424612979 20.3461895306 0.0422117739 -0.0281649421 0.9987116211 0.7492541769
111 -0.0297613837 -0.9991766652 -0.0275726653 11.0769112073 0.9986883775 -0.0285744330 -0.0424856027 21.1110286686 0.0416627496 -0.0288009307 0.9987165372 0.7818981817
112 -0.0521079519 -0.9982219843 -0.0289418640 11.0482163895 0.9978185372 -0.0508668473 -0.0420800503 21.8675792494 0.0405330500 -0.0310714336 0.9986949674 0.8117614792
113 -0.0762307590 -0.9966534195 -0.0295098772 11.0122709880 0.9962973055 -0.0749567163 -0.0421090218 22.6199627536 0.0397561371 -0.0326106137 0.9986771237 0.8269383782
114 -0.0992363680 -0.9946060432 -0.0301821508 10.9494567165 0.9943419936 -0.0979635738 -0.0410747846 23.3758877212 0.0378964777 -0.0340874924 0.9987001051 0.8519485853
115 -0.1231033162 -0.9918975201 -0.0313828499 10.8670450618 0.9917555467 -0.1218285654 -0.0397333140 24.1215257324 0.0355880481 -0.0360154181 0.9987173677 0.8773560952
116 -0.1485965050 -0.9882666192 -0.0353294239 10.7767896975 0.9883582682 -0.1472405076 -0.0383166630 24.9138031280 0.0326651568 -0.0406118504 0.9986409090 0.9044668945
117 -0.1748871932 -0.9839771483 -0.0346906531 10.6552301040 0.9841805205 -0.1736920254 -0.0349253980 25.6651013426 0.0283403038 -0.0402498698 0.9987876527 0.9260809110
118 -0.2027417203 -0.9787273062 -0.0314428842 10.5239114174 0.9789568650 -0.2018187311 -0.0302101996 26.4244274463 0.0232217844 -0.0369060951 0.9990488921 0.9416933506
119 -0.2294096390 -0.9729637535 -0.0266974139 10.3553329770 0.9731922143 -0.2288294220 -0.0231086461 27.1861828697 0.0163747214 -0.0312830615 0.9993764249 0.9643960215
120 -0.2556987849 -0.9664758417 -0.0232933230 10.1720198815 0.9666958362 -0.2553385950 -0.0173597842 27.9493612485 0.0108301277 -0.0269564340 0.9995779404 0.9786819470
121 -0.2818493932 -0.9592539789 -0.0198172537 9.9682963686 0.9594365743 -0.2816426377 -0.0126049423 28.6898431195 0.0065099575 -0.0225660933 0.9997241579 0.9810803627
122 -0.3077289570 -0.9513135119 -0.0174783059 9.7383160135 0.9514735772 -0.3076954021 -0.0046444935 29.4319911684 -0.0009596249 -0.0180593913 0.9998364554 0.9865084894
123 -0.3340070460 -0.9423929797 -0.0182965837 9.4951802464 0.9425000585 -0.3341565712 0.0057467819 30.1792289200 -0.0115296505 -0.0153250654 0.9998160879 0.9844848868
124 -0.3598251852 -0.9327974182 -0.0203669517 9.2188151823 0.9326507985 -0.3602110139 0.0202611331 30.9539226053 -0.0262359329 -0.0117047877 0.9995872517 0.9916281878
125 -0.3840465195 -0.9229755065 -0.0249897042 8.9246538713 0.9224067830 -0.3847280581 0.0339123565 31.6981851810 -0.0409145147 -0.0100267502 0.9991123394 0.9856958869
126 -0.4083586749 -0.9121999594 -0.0336812512 8.6097309402 0.9111207613 -0.4095716265 0.0459351833 32.4545465826 -0.0556969571 -0.0119296566 0.9983764482 0.9750163230
127 -0.4328073184 -0.9007327855 -0.0368547722 8.2614401593 0.8989688783 -0.4342910092 0.0569760931 33.2228741342 -0.0673259311 -0.0084716231 0.9976950689 0.9381784887
128 -0.4570667244 -0.8885895748 -0.0387114602 7.8926730271 0.8863095745 -0.4586743416 0.0638215195 33.9739884392 -0.0744670903 -0.0051396448 0.9972102268 0.8929911223
129 -0.4810780389 -0.8759038381 -0.0368291604 7.5086831911 0.8734193609 -0.4824855052 0.0659269082 34.7224166740 -0.0755151680 -0.0004513140 0.9971445511 0.8398956606
130 -0.5030628668 -0.8636693556 -0.0316701172 7.0817637998 0.8614189531 -0.5040418354 0.0624436966 35.4887080276 -0.0698937711 0.0041318658 0.9975458829 0.7645795738
131 -0.5219837279 -0.8526336849 -0.0234262106 6.6364056126 0.8505684725 -0.5223798907 0.0604361096 36.2317990127 -0.0637672440 0.0116210697 0.9978971336 0.6962863424
132 -0.5379260607 -0.8428079155 -0.0176173429 6.1680448483 0.8407317284 -0.5378959301 0.0619526362 36.9830038174 -0.0616904692 0.0185144784 0.9979235943 0.6388529641
133 -0.5510158279 -0.8343350736 -0.0163261253 5.6732499753 0.8321816809 -0.5508389737 0.0636401992 37.7258138320 -0.0620903163 0.0214804547 0.9978393571 0.5833798156
134 -0.5632584706 -0.8261035260 -0.0171131456 5.1545286429 0.8237456066 -0.5630310082 0.0666277673 38.5078230760 -0.0646766650 0.0234317759 0.9976311347 0.5414483490
135 -0.5734528557 -0.8190693696 -0.0166490294 4.6384648083 0.8166280677 -0.5731285761 0.0681339436 39.2601961729 -0.0653484607 0.0254755399 0.9975372552 0.4886391908
136 -0.5810215411 -0.8136641917 -0.0190932462 4.0872499935 0.8112388374 -0.5808621490 0.0670127791 40.0350960470 -0.0656164427 0.0234466854 0.9975694138 0.4326555838
137 -0.5875333061 -0.8089412324 -0.0204620849 3.5508837196 0.8066229811 -0.5874914301 0.0649090591 40.7986112449 -0.0645289137 0.0216310462 0.9976813705 0.3781410408
138 -0.5922611672 -0.8054964369 -0.0200549246 2.9423026177 0.8031983144 -0.5921833106 0.0647409789 41.5869607873 -0.0640248194 0.0222354862 0.9977005591 0.3287409876
139 -0.5957521539 -0.8029393813 -0.0191760564 2.4307767833 0.8009628252 -0.5957150088 0.0598513237 42.2977336208 -0.0594804494 0.0202972467 0.9980230949 0.2443598198
140 -0.5982597423 -0.8010292303 -0.0209153765 1.8595263964 0.7991674516 -0.5983666316 0.0573476975 43.0683758185 -0.0584522452 0.0175939307 0.9981351555 0.1886063574
141 -0.6000554822 -0.7996355195 -0.0227256311 1.2822107755 0.7978712490 -0.6002991441 0.0551580232 43.8448252649 -0.0577484914 0.0149657466 0.9982189831 0.1338440798
142 -0.6007462568 -0.7990905643 -0.0236263628 0.6856469479 0.7973725347 -0.6010550501 0.0541282526 44.6281696973 -0.0574541205 0.0136783323 0.9982544401 0.0743583516
143 -0.6021373389 -0.7980279629 -0.0241245829 0.0710719229 0.7963449689 -0.6024815206 0.0533920192 45.4454472181 -0.0571429396 0.0129378382 0.9982821729 0.0127158323
144 -0.6030762375 -0.7972998161 -0.0247397440 -0.5075657158 0.7956687587 -0.6034665503 0.0523387918 46.2218155728 -0.0566593170 0.0118796403 0.9983228916 -0.0589319872
145 -0.6033820457 -0.7970213180 -0.0262130825 -1.1085820281 0.7954252872 -0.6038653240 0.0514323145 47.0123429759 -0.0568218225 0.0101827865 0.9983324052 -0.1137006125
146 -0.6035452764 -0.7968751133 -0.0268915057 -1.7107813568 0.7953960183 -0.6040866560 0.0492390709 47.8175282129 -0.0554821899 0.0083286121 0.9984249400 -0.1749719466
147 -0.6030050208 -0.7972654979 -0.0274348464 -2.3166528251 0.7958198747 -0.6035828032 0.0485646641 48.6145704361 -0.0552781325 0.0074515404 0.9984431895 -0.2320897537
148 -0.6028145455 -0.7974426038 -0.0264559523 -2.9267524817 0.7959458654 -0.6033297278 0.0496328410 49.4229862402 -0.0555410044 0.0088618927 0.9984170790 -0.2911253670
149 -0.6015021713 -0.7984076884 -0.0272084749 -3.5519688645 0.7968496138 -0.6020534051 0.0506200578 50.2369076674 -0.0567963982 0.0087670120 0.9983472886 -0.3464886594
150 -0.6006057501 -0.7990542642 -0.0280181331 -4.1678900796 0.7975770924 -0.6012165847 0.0490856379 51.0550012514 -0.0560670544 0.0071344953 0.9984015146 -0.4026178600
151 -0.5995251101 -0.7999240626 -0.0262894748 -4.8049741511 0.7983994018 -0.6000321560 0.0501976792 51.9002671980 -0.0559288616 0.0091052682 0.9983932374 -0.4655586782
152 -0.5987395903 -0.8004568482 -0.0279237751 -5.4251070274 0.7989683968 -0.5993468776 0.0493236369 52.7281416633 -0.0562174703 0.0072218004 0.9983924287 -0.5271011316
153 -0.5981953934 -0.8007436307 -0.0311754605 -6.0534616674 0.7992308903 -0.5989892090 0.0494157005 53.5693826691 -0.0582430718 0.0046438534 0.9982916303 -0.5798500499
154 -0.5976790142 -0.8010733334 -0.0325777614 -6.6765407003 0.7995099475 -0.5985532190 0.0501785602 54.4061760377 -0.0596962304 0.0039444281 0.9982087966 -0.6431427902
155 -0.5967534369 -0.8017099027 -0.0338610039 -7.3280445241 0.8002288749 -0.5977100073 0.0487493060 55.2685767151 -0.0593218622 0.0019947629 0.9982369146 -0.7073834483
156 -0.5968554666 -0.8016430851 -0.0336439632 -7.9626977344 0.8002561281 -0.5978017052 0.0471513578 56.1247127263 -0.0579109784 0.0012187580 0.9983210071 -0.7690866269
157 -0.5969404592 -0.8016411684 -0.0321484881 -8.6110505655 0.8003627126 -0.5978041136 0.0452743846 56.9853639761 -0.0555123089 0.0012956608 0.9984571622 -0.8360056791
158 -0.5976379105 -0.8011598156 -0.0311749565 -9.2510677356 0.7999188593 -0.5984479807 0.0446075432 57.8487005826 -0.0543943607 0.0017217234 0.9985180465 -0.8987172671
159 -0.5975525008 -0.8012798854 -0.0296909766 -9.9155419276 0.7999925827 -0.5982797023 0.0455331241 58.7244972651 -0.0542482850 0.0034558712 0.9985214973 -0.9619241737
160 -0.5978308564 -0.8011116683 -0.0286070282 -10.5649983721 0.7997068361 -0.5984879964 0.0477608038 59.5905493965 -0.0553827001 0.0056756462 0.9984490691 -1.0182183003
161 -0.5976748397 -0.8012434135 -0.0281740719 -11.2273802487 0.7997176056 -0.5982936070 0.0499650978 60.4720127259 -0.0568905725 0.0073315805 0.9983534999 -1.0842931775
162 -0.5973889352 -0.8014644769 -0.0279491031 -11.9042431097 0.7997950090 -0.5979746922 0.0524805783 61.3569816348 -0.0587741755 0.0089977637 0.9982307532 -1.1460569765
163 -0.5976362613 -0.8012542725 -0.0286790876 -12.5599750522 0.7995766213 -0.5982643246 0.0525073769 62.2284417366 -0.0592294350 0.0084491845 0.9982086382 -1.2045883689
164 -0.5982730499 -0.8009711883 -0.0226828871 -13.2166053380 0.7994566794 -0.5985783051 0.0507250470 63.1005990982 -0.0542067852 0.0122134431 0.9984550347 -1.2808290790
165 -0.5980761000 -0.8011327428 -0.0221654460 -13.9063803151 0.7997433026 -0.5983804816 0.0484917430 63.9963086320 -0.0521116932 0.0112750856 0.9985776103 -1.3492087807
166 -0.5989172301 -0.8004164985 -0.0251312657 -14.5558495426 0.7991791679 -0.5994048178 0.0450169078 64.8664158287 -0.0510960774 0.0068770177 0.9986700644 -1.4130862312
167 -0.6000799278 -0.7994949142 -0.0266826239 -15.2141126722 0.7980472099 -0.6006201538 0.0487450668 65.7359082085 -0.0549975546 0.0079569426 0.9984547842 -1.4653919961
168 -0.6008991783 -0.7987735110 -0.0296825816 -15.8907808106 0.7973155019 -0.6016066183 0.0485537565 66.6354378898 -0.0566406920 0.0055095300 0.9983794254 -1.5313284998
169 -0.6025235944 -0.7975007213 -0.0309502469 -16.5413820783 0.7960058594 -0.6032979348 0.0490537822 67.5015392303 -0.0577926466 0.0049194833 0.9983164872 -1.5951394795
170 -0.6028979075 -0.7971899511 -0.0316590445 -17.2084099506 0.7957253805 -0.6037151189 0.0484682773 68.3777288439 -0.0577514673 0.0040295178 0.9983228591 -1.6621035164
171 -0.6029140269 -0.7973524499 -0.0269025421 -17.8860659163 0.7962086672 -0.6034974540 0.0429252981 69.2520355480 -0.0504622071 0.0044602272 0.9987160117 -1.7225765317
172 -0.6037170145 -0.7969122647 -0.0213684067 -18.5401142563 0.7961994020 -0.6040852825 0.0338745277 70.1063507872 -0.0399033665 0.0034371161 0.9991976319 -1.7929301032
173 -0.6041475927 -0.7966731891 -0.0178189802 -19.1986267066 0.7960963298 -0.6043949379 0.0306168695 70.9755903379 -0.0351613404 0.0043114833 0.9993723487 -1.8431533172
174 -0.6043187415 -0.7964960041 -0.0198235757 -19.8613890225 0.7957478113 -0.6046202907 0.0349245598 71.8428447643 -0.0398030083 0.0053309991 0.9991933251 -1.8857329853
175 -0.6043365952 -0.7964339656 -0.0216845138 -20.5057706538 0.7954214252 -0.6046799121 0.0408284242 72.6900288169 -0.0456293336 0.0074257840 0.9989308393 -1.9259365373
176 -0.6040514967 -0.7967021472 -0.0196844633 -21.1557404014 0.7954178846 -0.6042383491 0.0469723995 73.5356753396 -0.0493171191 0.0127163741 0.9987022157 -1.9744976032
177 -0.6026397557 -0.7977831780 -0.0191657458 -21.8177875895 0.7965629833 -0.6028182872 0.0457987565 74.4044238665 -0.0480909395 0.0123334278 0.9987668137 -2.0312668642
178 -0.6021837097 -0.7981813080 -0.0167743669 -22.4511402244 0.7972350454 -0.6023180767 0.0403635587 75.2618672470 -0.0423209424 0.0109331645 0.9990442451 -2.0913058832
179 -0.6017730389 -0.7985285285 -0.0148794765 -23.0865349176 0.7978947231 -0.6019058716 0.0327617531 76.1184605581 -0.0351172387 0.0078428840 0.9993524247 -2.1517092164
180 -0.5998268053 -0.7998671586 -0.0205020080 -23.7489044504 0.7994710744 -0.6001757279 0.0252011259 76.9686316415 -0.0324623604 -0.0012744514 0.9994721461 -2.1901860168
181 -0.5985445088 -0.8007270161 -0.0240980648 -24.3786967306 0.8005783311 -0.5989663528 0.0177099947 77.8287695249 -0.0286148011 -0.0086921684 0.9995527197 -2.2269172484
182 -0.5957849773 -0.8028524223 -0.0216390581 -25.0142016435 0.8026450052 -0.5961482670 0.0191895617 78.6768308119 -0.0283064730 -0.0059356293 0.9995816684 -2.2663269590
183 -0.5914747057 -0.8060742720 -0.0200484576 -25.6525924784 0.8057218345 -0.5918109853 0.0239182588 79.5507730738 -0.0311447904 -0.0020064349 0.9995128695 -2.3017182554
184 -0.5845879323 -0.8111434232 -0.0174154092 -26.2903343101 0.8106364456 -0.5848409589 0.0288028789 80.4296496586 -0.0335485103 0.0027202500 0.9994333883 -2.3287899202
185 -0.5742096553 -0.8186369154 -0.0108107623 -26.9100035920 0.8180129016 -0.5742160411 0.0336278302 81.2358956975 -0.0337366962 0.0104660818 0.9993759535 -2.3858666748
186 -0.5647906893 -0.8251908197 -0.0084610001 -27.5227294264 0.8245013235 -0.5646914559 0.0363473133 82.1002588593 -0.0347713236 0.0135525184 0.9993033995 -2.4233394837
187 -0.5548679969 -0.8318701440 -0.0106569041 -28.1173439960 0.8312690373 -0.5548898211 0.0330011211 82.9800399839 -0.0333660549 0.0094525116 0.9993984973 -2.4595340834
188 -0.5431968068 -0.8395414909 -0.0103592550 -28.7512684732 0.8390286354 -0.5432395916 0.0303594318 83.8713343200 -0.0311155600 0.0077994349 0.9994853629 -2.4925569164
189 -0.5323594294 -0.8464672678 -0.0093060433 -29.3489697396 0.8460166850 -0.5323901879 0.0285737038 84.7844520571 -0.0291411511 0.0073384128 0.9995483685 -2.5315309127
190 -0.5201093597 -0.8540865731 -0.0047307072 -29.9259842778 0.8537184891 -0.5200347217 0.0269931377 85.6816207031 -0.0255146084 0.0100006914 0.9996244249 -2.5690681342
191 -0.5081048149 -0.8612665115 -0.0070351432 -30.4870112764 0.8608607719 -0.5080909743 0.0276096565 86.6114086244 -0.0273537652 0.0079723206 0.9995940244 -2.6026239406
192 -0.4962979768 -0.8680542003 -0.0130469778 -31.0307389487 0.8672547029 -0.4964120844 0.0380042449 87.5349457154 -0.0394664218 0.0075463770 0.9991924008 -2.6259873895
193 -0.4819773346 -0.8759805132 -0.0188676847 -31.5940680267 0.8747052994 -0.4823029275 0.0476919827 88.4543893739 -0.0508771869 0.0064827910 0.9986838765 -2.6586020003
194 -0.4712215128 -0.8817718068 -0.0207066813 -32.1008999700 0.8804884075 -0.4716569353 0.0477482953 89.3970882132 -0.0518695504 0.0042680311 0.9986447485 -2.7108422629
195 -0.4590867636 -0.8881712627 -0.0197775553 -32.6165647268 0.8871156505 -0.4595065251 0.0433540777 90.3494493250 -0.0475937615 0.0023583044 0.9988639909 -2.7730749470
196 -0.4462978787 -0.8946116676 -0.0220945166 -33.1335648343 0.8936031908 -0.4468437571 0.0424734511 91.3115557489 -0.0478700416 -0.0007879193 0.9988532616 -2.8321035488
197 -0.4357670796 -0.8996770950 -0.0262331294 -33.6209131063 0.8984251638 -0.4365466403 0.0475316301 92.2707605521 -0.0542151033 -0.0028557839 0.9985251960 -2.8786822044
198 -0.4285104705 -0.9030803628 -0.0287164595 -34.0941653851 0.9016967184 -0.4294490903 0.0501647956 93.2541925860 -0.0576350991 -0.0043973970 0.9983280314 -2.9358983690
199 -0.4223938197 -0.9057566726 -0.0344718905 -34.5494823887 0.9043694196 -0.4236888776 0.0510263435 94.2111206912 -0.0608228076 -0.0096221115 0.9981021997 -2.9919250580
200 -0.4171431243 -0.9080459328 -0.0380026020 -35.0026059036 0.9066266298 -0.4186799186 0.0522999023 95.1896891201 -0.0634016398 -0.0126376262 0.9979080732 -3.0574306045
201 -0.4115511522 -0.9104947223 -0.0403114109 -35.4641205943 0.9094419554 -0.4131589925 0.0470635390 96.1632421614 -0.0595061257 -0.0172918346 0.9980781600 -3.1249977891
202 -0.4085648322 -0.9117899647 -0.0413985290 -35.9149354426 0.9111097794 -0.4101209269 0.0409853041 97.1604891282 -0.0543483920 -0.0209734507 0.9983017413 -3.1937807239
203 -0.4070367528 -0.9122275020 -0.0464980265 -36.3564363819 0.9121224382 -0.4086390333 0.0323542612 98.1488693208 -0.0485153554 -0.0292425198 0.9983942785 -3.2543030662
204 -0.4057624203 -0.9125326592 -0.0513907011 -36.7978230155 0.9126564096 -0.4075577577 0.0309022990 99.1430241121 -0.0491440359 -0.0343630610 0.9982004026 -3.3083065063
205 -0.4027670238 -0.9136825212 -0.0544332153 -37.2262296669 0.9136409594 -0.4049060429 0.0362117889 100.1214209454 -0.0551264164 -0.0351475005 0.9978605771 -3.3623302666
206 -0.3982775648 -0.9156681365 -0.0541003261 -37.6688109354 0.9152377849 -0.4006245778 0.0428922463 101.1151548262 -0.0609489835 -0.0324316432 0.9976138581 -3.4165760421
207 -0.3931474322 -0.9180597757 -0.0510033805 -38.0990910423 0.9173927430 -0.3953843720 0.0454065343 102.1206471762 -0.0618518522 -0.0289386688 0.9976657265 -3.4839091607
208 -0.3872950590 -0.9205798757 -0.0503510650 -38.5417434591 0.9201741740 -0.3893633254 0.0409351959 103.1352772083 -0.0572889756 -0.0304777505 0.9978923188 -3.5523354569
209 -0.3812113091 -0.9232652621 -0.0475309763 -38.9589859730 0.9229110673 -0.3830593779 0.0387385446 104.1196278403 -0.0539731387 -0.0290992927 0.9981182953 -3.6366371962
210 -0.3756682125 -0.9256140112 -0.0459575494 -39.3710649891 0.9251285889 -0.3774837939 0.0405349152 105.1246655521 -0.0548679155 -0.0272889637 0.9981206462 -3.7001059222
211 -0.3683944692 -0.9283580111 -0.0493651525 -39.7886853534 0.9276082045 -0.3705931564 0.0469439165 106.1455330867 -0.0618751486 -0.0284976412 0.9976769770 -3.7521314786
212 -0.3607153307 -0.9314341022 -0.0481140680 -40.1939760657 0.9305925064 -0.3628765264 0.0481478304 107.1536559452 -0.0623059969 -0.0274069305 0.9976807219 -3.8209035183
213 -0.3529288698 -0.9345597713 -0.0451580192 -40.5911879416 0.9337040985 -0.3548955997 0.0473895536 108.1734313056 -0.0603147526 -0.0254390860 0.9978551917 -3.8912400240
214 -0.3439442176 -0.9379317160 -0.0445698476 -40.9816532470 0.9371941110 -0.3458337530 0.0454556222 109.1913291447 -0.0580480273 -0.0261364002 0.9979716003 -3.9649374718
215 -0.3346802061 -0.9411677114 -0.0468241256 -41.3601855779 0.9406401484 -0.3366427372 0.0432178042 110.2208835220 -0.0564382036 -0.0295805088 0.9979677964 -4.0308467237
216 -0.3269379937 -0.9439429740 -0.0456421966 -41.7298478720 0.9434594673 -0.3288054782 0.0420855201 111.2818034860 -0.0547337352 -0.0293022069 0.9980709388 -4.0973597268
217 -0.3175264967 -0.9472542197 -0.0434323290 -42.1062143935 0.9466488195 -0.3193179648 0.0434976991 112.3117156036 -0.0550721019 -0.0273034909 0.9981090036 -4.1558780708
218 -0.3095556528 -0.9500008059 -0.0409116931 -42.4355219016 0.9493612118 -0.3112064478 0.0431721705 113.3436948485 -0.0537455794 -0.0254757850 0.9982296314 -4.2378207586
219 -0.3013140982 -0.9529625376 -0.0327447139 -42.7854716644 0.9520678614 -0.3025739398 0.0448976425 114.3789207640 -0.0526934683 -0.0176468970 0.9984547989 -4.3002109371
220 -0.2937272870 -0.9554882924 -0.0276840026 -43.1269593245 0.9546420132 -0.2946999775 0.0425505562 115.4302864429 -0.0488150331 -0.0139300525 0.9987106919 -4.3694747500
221 -0.2864969262 -0.9576941779 -0.0272281658 -43.4558280034 0.9568575555 -0.2874513158 0.0423716835 116.4844822264 -0.0484058867 -0.0139141191 0.9987308283 -4.4292739207
222 -0.2811383011 -0.9592798758 -0.0272649139 -43.7592709291 0.9584398909 -0.2821018356 0.0425620715 117.5138393576 -0.0485204209 -0.0141659526 0.9987217303 -4.4879839738
223 -0.2754467182 -0.9608178132 -0.0309553768 -44.0563084217 0.9600583552 -0.2765904344 0.0422573796 118.5279812461 -0.0491636041 -0.0180793115 0.9986270968 -4.5502853611
224 -0.2701180567 -0.9623546543 -0.0301621423 -44.3509360524 0.9617105871 -0.2711806514 0.0396711591 119.5445489926 -0.0463571139 -0.0182913551 0.9987574502 -4.6057926308
225 -0.2653359176 -0.9636236149 -0.0320371595 -44.6400759883 0.9633489691 -0.2663267004 0.0320757287 120.5624870876 -0.0394412806 -0.0223521216 0.9989718555 -4.6733974447
226 -0.2620615324 -0.9645040274 -0.0324920681 -44.9244804852 0.9643239920 -0.2630223874 0.0299743581 121.5718654775 -0.0374565303 -0.0234777545 0.9990224239 -4.7244346242
227 -0.2601639838 -0.9649243889 -0.0351514631 -45.1870105090 0.9646859349 -0.2613075806 0.0331571308 122.5731927204 -0.0411794679 -0.0252838308 0.9988318073 -4.7626293163
228 -0.2580420356 -0.9654438129 -0.0365041383 -45.4599065476 0.9651032097 -0.2593273843 0.0364019557 123.5657733851 -0.0446105656 -0.0258370262 0.9986702887 -4.8069630812
229 -0.2563304192 -0.9658028891 -0.0389807086 -45.7260343322 0.9654471006 -0.2577791367 0.0382336573 124.5523833745 -0.0469745900 -0.0278333626 0.9985082332 -4.8549051404
230 -0.2562254226 -0.9656949317 -0.0422117498 -46.0112518574 0.9653753117 -0.2578649558 0.0394483474 125.5814546703 -0.0489800001 -0.0306425116 0.9983296029 -4.8893418339
231 -0.2556107578 -0.9658024735 -0.0434594377 -46.2723849163 0.9654358611 -0.2573668253 0.0411814926 126.5615782757 -0.0509582049 -0.0314308671 0.9982060719 -4.9368601598
232 -0.2556962552 -0.9655197348 -0.0488985366 -46.5257705905 0.9654597033 -0.2576458544 0.0388094715 127.5440343741 -0.0500698158 -0.0372861301 0.9980494768 -4.9953203940
233 -0.2550198625 -0.9656522832 -0.0498049961 -46.7928046643 0.9655422156 -0.2570787020 0.0404817335 128.5014024314 -0.0518950820 -0.0377651801 0.9979382203 -5.0506167237
234 -0.2559268359 -0.9654233290 -0.0495908314 -47.0426371653 0.9652399170 -0.2580195523 0.0416870879 129.4590826154 -0.0530410912 -0.0371982055 0.9978992615 -5.1082002146
235 -0.2553986332 -0.9654557867 -0.0516397338 -47.2976975871 0.9650092364 -0.2578338619 0.0477375447 130.4160415514 -0.0594029607 -0.0376407164 0.9975241675 -5.1604560742
236 -0.2535719316 -0.9661812104 -0.0468523664 -47.5556814436 0.9655130588 -0.2557583949 0.0487049964 131.3570217611 -0.0590407384 -0.0328863515 0.9977137260 -5.2251433496
237 -0.2497027891 -0.9674566381 -0.0409410623 -47.8146579054 0.9665634352 -0.2515736508 0.0496570637 132.2961326999 -0.0583407483 -0.0271726265 0.9979268538 -5.2884399412
238 -0.2445397529 -0.9689475460 -0.0366191533 -48.0607997461 0.9683864204 -0.2459687490 0.0415585753 133.2302143714 -0.0492752468 -0.0252987670 0.9984647828 -5.3592387917
239 -0.2372560412 -0.9708982994 -0.0326506236 -48.3051334316 0.9701294668 -0.2385503522 0.0440743365 134.1666527321 -0.0505805160 -0.0212184294 0.9984945617 -5.4121732323
